person 0.99405899 465 946 484 1002 
person 0.99917465 759 956 795 1038 
person 0.99674484 723 946 747 1045 
person 0.99533485 916 967 964 1102 
person 0.99355667 1471 952 1496 1036 
person 0.99081764 1284 956 1299 995 
person 0.82946083 1127 965 1152 1003 
person 0.67161255 1392 953 1403 972 
person 0.51901672 1403 966 1410 983 
person 0.99664764 1935 952 1957 1010 
person 0.98953705 1712 958 1734 1005 
person 0.9994236 2582 948 2606 1022 
person 0.97644989 3559 951 3583 1068 
person 0.59145523 3584 961 3595 1069 
