person 2517.43 959.81 2526.44 983.52 
person 2118.60 968.29 2131.44 1009.51 
person 2263.87 966.77 2280.90 1015.64 
person 2466.53 960.38 2484.99 1018.48 
person 2519.70 965.70 2541.33 1023.58 
person 2711.89 958.15 2733.70 1016.93 
person 2883.00 958.16 2896.25 998.70 
person 906.87 965.97 934.71 1039.75 
person 437.65 961.84 471.70 1039.95 
person 668.99 973.59 696.83 995.21 
person 2334.91 965.33 2348.65 1008.35 
person 2544.32 961.26 2553.11 996.40 
person 489.22 962.17 523.28 1041.62 
person 584.96 961.30 607.66 1040.76 
