person 2817.77 958.38 2838.90 1000.20 
person 2054.26 968.71 2065.84 1008.80 
person 2266.01 965.89 2283.65 1022.19 
person 2479.88 960.96 2497.34 1022.69 
person 2628.90 963.90 2656.88 1021.96 
person 2757.70 958.20 2786.07 1017.86 
person 2845.11 959.65 2871.30 1001.90 
person 1084.53 971.29 1112.37 1058.97 
person 474.49 967.76 526.43 1072.30 
person 787.71 981.14 820.37 1003.98 
person 2329.33 963.58 2343.07 1006.60 
person 2621.45 961.31 2634.88 998.19 
person 543.41 964.07 580.89 1084.16 
person 681.78 969.54 719.35 1072.30 
