person 2816.30 958.45 2836.98 1000.34 
person 2053.97 968.76 2065.56 1008.85 
person 2267.21 965.79 2284.84 1022.10 
person 2480.62 960.99 2498.07 1022.72 
person 2631.85 963.51 2660.58 1021.90 
person 2757.40 958.18 2785.39 1017.85 
person 2843.19 959.70 2868.63 1001.99 
person 1085.35 971.28 1113.29 1058.99 
person 473.17 967.84 524.70 1073.57 
person 787.74 981.04 820.46 1004.11 
person 2330.02 963.47 2343.76 1006.48 
person 2622.93 961.18 2636.65 998.38 
person 543.20 964.11 580.82 1084.62 
person 681.38 969.57 719.56 1073.36 
