person 2814.83 958.53 2835.05 1000.47 
person 2053.68 968.81 2065.27 1008.90 
person 2268.41 965.70 2286.04 1022.00 
person 2481.35 961.02 2498.81 1022.75 
person 2634.81 963.13 2664.28 1021.84 
person 2757.10 958.16 2784.71 1017.83 
person 2841.27 959.76 2865.95 1002.08 
person 1086.16 971.26 1114.21 1059.01 
person 471.85 967.92 522.97 1074.85 
person 787.77 980.94 820.56 1004.25 
person 2330.70 963.36 2344.44 1006.37 
person 2624.41 961.06 2638.42 998.58 
person 542.99 964.15 580.74 1085.09 
person 680.97 969.59 719.77 1074.42 
