person 2811.89 958.68 2831.21 1000.75 
person 2053.11 968.90 2064.70 1008.99 
person 2270.80 965.51 2288.43 1021.81 
person 2482.82 961.09 2500.28 1022.82 
person 2640.72 962.37 2671.69 1021.72 
person 2756.49 958.12 2783.35 1017.80 
person 2837.42 959.87 2860.61 1002.26 
person 1087.79 971.23 1116.06 1059.06 
person 469.21 968.08 519.50 1077.39 
person 787.83 980.74 820.75 1004.53 
person 2332.08 963.13 2345.81 1006.15 
person 2627.38 960.80 2641.96 998.96 
person 542.57 964.23 580.59 1086.01 
person 680.16 969.64 720.19 1076.54 
