person 2810.42 958.75 2829.29 1000.88 
person 2052.82 968.95 2064.41 1009.04 
person 2271.99 965.41 2289.63 1021.72 
person 2483.55 961.12 2501.01 1022.85 
person 2643.67 961.99 2675.39 1021.66 
person 2756.19 958.11 2782.67 1017.79 
person 2835.50 959.93 2857.94 1002.35 
person 1088.61 971.21 1116.98 1059.08 
person 467.89 968.16 517.77 1078.67 
person 787.85 980.64 820.84 1004.67 
person 2332.76 963.02 2346.50 1006.04 
person 2628.86 960.67 2643.73 999.16 
person 542.35 964.27 580.52 1086.47 
person 679.75 969.67 720.40 1077.60 
