person 2807.48 958.90 2825.44 1001.15 
person 2052.25 969.05 2063.84 1009.13 
person 2274.39 965.22 2292.02 1021.52 
person 2485.02 961.18 2502.48 1022.91 
person 2649.58 961.23 2682.79 1021.54 
person 2755.59 958.07 2781.32 1017.76 
person 2831.65 960.04 2852.59 1002.54 
person 1090.24 971.18 1118.83 1059.13 
person 465.25 968.31 514.30 1081.21 
person 787.91 980.44 821.03 1004.95 
person 2334.13 962.80 2347.87 1005.81 
person 2631.83 960.42 2647.28 999.54 
person 541.93 964.35 580.37 1087.40 
person 678.94 969.72 720.82 1079.72 
