person 2806.01 958.98 2823.52 1001.29 
person 2051.96 969.09 2063.55 1009.18 
person 2275.58 965.12 2293.22 1021.43 
person 2485.75 961.21 2503.21 1022.95 
person 2652.54 960.84 2686.49 1021.48 
person 2755.29 958.05 2780.64 1017.74 
person 2829.73 960.10 2849.92 1002.63 
person 1091.06 971.16 1119.75 1059.15 
person 463.93 968.39 512.57 1082.49 
person 787.94 980.34 821.12 1005.09 
person 2334.82 962.69 2348.56 1005.70 
person 2633.31 960.29 2649.05 999.73 
person 541.72 964.39 580.29 1087.86 
person 678.54 969.75 721.03 1080.78 
