person 2801.60 959.20 2817.75 1001.70 
person 2051.10 969.24 2062.69 1009.33 
person 2279.17 964.84 2296.80 1021.14 
person 2487.95 961.31 2505.41 1023.04 
person 2661.40 959.70 2697.60 1021.30 
person 2754.38 957.99 2778.60 1017.70 
person 2823.96 960.27 2841.90 1002.90 
person 1093.51 971.11 1122.52 1059.22 
person 459.98 968.63 507.37 1086.31 
person 788.03 980.04 821.41 1005.50 
person 2336.88 962.35 2350.61 1005.37 
person 2637.76 959.91 2654.36 1000.31 
person 541.08 964.51 580.07 1089.25 
person 677.32 969.83 721.65 1083.96 
