person 2801.05 959.29 2817.00 1002.09 
person 2050.81 969.28 2062.40 1009.37 
person 2280.37 964.74 2298.00 1021.05 
person 2488.69 961.34 2506.15 1023.07 
person 2667.05 961.38 2699.84 1021.21 
person 2754.38 958.30 2778.37 1017.51 
person 2821.98 960.29 2841.07 1003.73 
person 1094.32 971.09 1123.44 1059.24 
person 458.66 968.71 505.64 1087.58 
person 788.06 979.94 821.50 1005.64 
person 2337.56 962.24 2351.30 1005.26 
person 2639.25 959.78 2656.13 1000.51 
person 540.87 964.54 579.99 1089.71 
person 676.92 969.86 721.86 1085.02 
