person 2516.30 959.67 2525.31 983.38 
person 2117.86 968.29 2130.70 1009.51 
person 2263.66 966.43 2280.69 1015.30 
person 2466.80 960.38 2485.41 1018.48 
person 2520.67 965.43 2542.02 1023.31 
person 2712.17 957.96 2733.97 1016.74 
person 2883.60 957.95 2896.84 998.70 
person 909.83 966.16 937.67 1039.94 
person 438.42 961.84 472.28 1040.57 
person 671.05 973.73 698.89 995.35 
person 2334.64 965.19 2348.38 1008.21 
person 2545.27 961.21 2555.10 996.58 
person 490.86 961.81 524.91 1041.27 
person 587.06 962.31 610.52 1041.76 
