person 2800.50 959.37 2816.26 1002.48 
person 2488.11 960.44 2497.12 984.15 
person 2050.53 969.33 2062.11 1009.42 
person 2281.56 964.65 2299.20 1020.95 
person 2489.42 961.37 2506.88 1023.11 
person 2672.70 963.07 2702.08 1021.13 
person 2754.38 958.61 2778.14 1017.32 
person 2819.99 960.31 2840.25 1004.55 
person 1095.14 971.08 1124.36 1059.26 
person 457.34 968.79 503.90 1088.85 
person 788.09 979.84 821.59 1005.78 
person 2338.25 962.13 2351.99 1005.15 
person 2640.73 959.65 2657.90 1000.70 
person 540.66 964.58 579.92 1090.17 
person 676.51 969.88 722.07 1086.08 
