person 2799.95 959.45 2815.51 1002.87 
person 2487.98 960.39 2496.99 984.10 
person 2049.96 969.22 2062.11 1009.42 
person 2281.21 964.65 2300.55 1020.95 
person 2488.66 961.50 2508.00 1024.05 
person 2676.95 963.07 2706.33 1021.13 
person 2754.38 958.92 2777.91 1017.13 
person 2818.00 960.33 2839.43 1005.38 
person 1095.96 971.06 1125.29 1059.29 
person 456.02 968.87 502.17 1090.13 
person 788.12 979.74 821.69 1005.92 
person 2339.03 962.08 2352.77 1005.09 
person 2642.00 959.68 2659.17 1000.73 
person 540.45 964.62 579.84 1090.64 
person 676.11 969.91 722.28 1087.14 
