person 2799.40 959.54 2814.77 1003.26 
person 2487.86 960.35 2496.87 984.06 
person 2049.40 969.11 2062.11 1009.42 
person 2280.86 964.65 2301.90 1020.95 
person 2487.90 961.63 2509.13 1025.00 
person 2681.20 963.07 2710.59 1021.13 
person 2754.38 959.24 2777.68 1016.94 
person 2816.02 960.35 2838.60 1006.20 
person 1096.77 971.04 1126.21 1059.31 
person 454.70 968.95 500.44 1091.40 
person 788.14 979.64 821.78 1006.06 
person 2339.81 962.02 2353.55 1005.04 
person 2643.27 959.71 2660.44 1000.75 
person 540.23 964.66 579.77 1091.10 
person 675.70 969.94 722.49 1088.20 
