person 2796.66 959.62 2814.02 1003.65 
person 2487.73 960.30 2496.74 984.01 
person 2049.24 969.00 2061.95 1009.42 
person 2281.16 964.81 2302.22 1021.11 
person 2488.90 961.76 2510.25 1025.00 
person 2685.45 963.07 2714.84 1021.13 
person 2754.38 959.55 2777.45 1016.75 
person 2814.03 960.37 2835.28 1005.68 
person 1096.35 971.06 1125.89 1059.36 
person 452.71 969.03 498.70 1090.73 
person 786.88 979.49 820.58 1006.15 
person 2340.60 961.97 2354.33 1004.98 
person 2644.54 959.73 2661.71 1000.78 
person 538.33 964.62 578.00 1090.35 
person 674.30 969.91 721.27 1088.77 
