person 2791.17 959.78 2812.53 1004.43 
person 2487.48 960.20 2496.49 983.91 
person 2048.93 968.77 2061.62 1009.42 
person 2281.76 965.13 2302.85 1021.44 
person 2490.89 962.01 2512.50 1025.00 
person 2693.95 963.07 2723.34 1021.13 
person 2754.38 960.17 2776.99 1016.37 
person 2810.06 960.41 2828.65 1004.65 
person 1095.50 971.08 1125.26 1059.46 
person 448.72 969.19 495.24 1089.40 
person 784.35 979.18 818.18 1006.32 
person 2342.16 961.86 2355.90 1004.88 
person 2647.08 959.78 2664.25 1000.83 
person 534.52 964.53 574.46 1088.85 
person 671.50 969.85 718.84 1089.92 
