person 2788.43 959.87 2811.79 1004.82 
person 2487.35 960.15 2496.36 983.86 
person 2048.77 968.66 2061.45 1009.42 
person 2282.06 965.30 2303.17 1021.60 
person 2491.88 962.14 2513.62 1025.00 
person 2698.20 963.07 2727.59 1021.13 
person 2754.38 960.48 2776.76 1016.18 
person 2808.07 960.43 2825.33 1004.14 
person 1095.08 971.09 1124.94 1059.51 
person 446.73 969.27 493.50 1088.73 
person 783.08 979.03 816.98 1006.40 
person 2342.95 961.81 2356.68 1004.82 
person 2648.35 959.81 2665.52 1000.86 
person 532.62 964.49 572.70 1088.10 
person 670.10 969.82 717.62 1090.49 
