person 2782.94 960.03 2810.30 1005.60 
person 2487.10 960.06 2496.11 983.77 
person 2048.45 968.44 2061.12 1009.42 
person 2282.65 965.62 2303.81 1021.93 
person 2493.88 962.39 2515.87 1025.00 
person 2706.71 963.07 2736.09 1021.13 
person 2754.38 961.10 2776.30 1015.80 
person 2804.10 960.47 2818.70 1003.11 
person 1094.23 971.11 1124.31 1059.61 
person 442.75 969.43 490.04 1087.40 
person 780.55 978.72 814.58 1006.57 
person 2344.51 961.70 2358.25 1004.71 
person 2650.89 959.86 2668.06 1000.91 
person 528.81 964.40 569.16 1086.60 
person 667.30 969.76 715.18 1091.64 
