person 2515.74 959.60 2524.75 983.31 
person 2117.49 968.29 2130.33 1009.51 
person 2263.56 966.25 2280.59 1015.13 
person 2466.94 960.38 2485.61 1018.48 
person 2521.16 965.29 2542.37 1023.17 
person 2712.30 957.86 2734.11 1016.65 
person 2883.90 957.85 2897.14 998.70 
person 911.31 966.26 939.15 1040.04 
person 438.80 961.84 472.56 1040.88 
person 672.08 973.80 699.91 995.42 
person 2334.50 965.12 2348.24 1008.14 
person 2545.74 961.19 2556.10 996.67 
person 491.67 961.63 525.73 1041.09 
person 588.11 962.81 611.95 1042.26 
