person 2773.07 959.02 2800.43 1004.59 
person 2486.72 959.92 2495.73 983.63 
person 2047.98 968.10 2060.63 1009.42 
person 2283.55 966.11 2304.76 1022.42 
person 2496.86 962.78 2519.24 1025.00 
person 2718.87 962.51 2746.04 1020.22 
person 2753.01 961.10 2774.86 1015.80 
person 2799.88 959.52 2815.53 1004.90 
person 1092.96 971.14 1123.36 1059.76 
person 436.77 969.66 484.84 1085.40 
person 776.76 978.26 810.98 1006.83 
person 2346.86 961.54 2360.60 1004.55 
person 2654.76 959.86 2671.93 1000.91 
person 523.10 964.27 563.86 1084.36 
person 663.10 969.67 711.53 1093.36 
