person 2757.74 957.82 2785.10 1003.38 
person 2488.57 959.68 2497.58 983.39 
person 2047.55 967.54 2060.54 1009.42 
person 2281.44 966.02 2303.97 1022.33 
person 2501.84 963.42 2524.86 1025.00 
person 2739.15 961.59 2762.63 1018.70 
person 2751.57 960.60 2774.10 1015.30 
person 2792.86 957.92 2810.26 1007.90 
person 1090.84 971.19 1121.77 1060.00 
person 426.81 970.06 476.17 1082.06 
person 770.43 977.49 804.98 1007.25 
person 2353.25 961.54 2366.99 1004.56 
person 2661.21 959.86 2678.38 1000.91 
person 513.58 964.05 555.03 1080.61 
person 652.37 969.83 701.69 1096.53 
