person 2515.17 959.53 2524.18 983.24 
person 2117.12 968.29 2129.96 1009.51 
person 2263.46 966.08 2280.49 1014.95 
person 2467.08 960.38 2485.82 1018.48 
person 2521.65 965.15 2542.71 1023.03 
person 2712.44 957.77 2734.25 1016.55 
person 2884.20 957.74 2897.44 998.70 
person 912.80 966.35 940.63 1040.14 
person 439.19 961.84 472.85 1041.19 
person 673.10 973.87 700.94 995.50 
person 2334.36 965.05 2348.10 1008.07 
person 2546.21 961.17 2557.10 996.76 
person 492.49 961.46 526.54 1040.91 
person 589.16 963.31 613.38 1042.77 
