person 2761.00 957.34 2781.27 1001.50 
person 2495.57 959.20 2504.58 982.91 
person 2047.17 966.42 2061.32 1009.42 
person 2272.40 964.65 2299.20 1020.95 
person 2511.80 964.69 2536.10 1025.00 
person 2782.80 960.37 2805.55 1017.36 
person 2745.90 960.69 2769.20 1008.30 
person 1086.60 971.29 1118.60 1060.50 
person 406.90 970.86 458.84 1075.40 
person 757.78 975.95 792.98 1008.10 
person 2369.35 961.92 2383.09 1004.94 
person 2675.80 959.86 2694.60 1000.91 
person 494.54 963.61 537.36 1073.12 
person 625.90 970.57 677.04 1103.30 
