person 2763.52 957.58 2783.18 1003.24 
person 2496.09 959.17 2505.10 982.88 
person 2047.10 966.20 2061.48 1009.42 
person 2268.92 965.10 2295.71 1021.41 
person 2509.06 965.55 2535.48 1025.50 
person 2788.26 960.29 2811.01 1017.28 
person 2744.16 958.94 2767.20 1009.30 
person 1083.45 972.29 1115.45 1061.50 
person 400.97 970.44 452.41 1077.58 
person 752.81 975.83 788.01 1007.98 
person 2372.46 961.92 2386.69 1005.85 
person 2677.75 959.45 2697.38 1001.25 
person 488.65 963.03 530.84 1076.77 
person 621.17 970.28 672.32 1103.01 
