person 2764.78 957.71 2784.13 1004.11 
person 2496.35 959.15 2505.36 982.86 
person 2047.06 966.08 2061.56 1009.42 
person 2267.17 965.33 2293.97 1021.63 
person 2507.69 965.98 2535.17 1025.75 
person 2790.99 960.25 2813.74 1017.24 
person 2743.29 958.07 2766.20 1009.80 
person 1081.87 972.79 1113.87 1061.99 
person 398.00 970.23 449.20 1078.67 
person 750.32 975.76 785.52 1007.92 
person 2374.02 961.92 2388.49 1006.31 
person 2678.72 959.24 2698.77 1001.41 
person 485.70 962.74 527.59 1078.60 
person 618.81 970.13 669.95 1102.86 
