person 2514.61 959.46 2523.62 983.17 
person 2116.75 968.29 2129.58 1009.51 
person 2263.35 965.91 2280.38 1014.78 
person 2467.22 960.38 2486.02 1018.48 
person 2522.13 965.01 2543.06 1022.89 
person 2712.58 957.67 2734.39 1016.46 
person 2884.50 957.64 2897.74 998.70 
person 914.28 966.45 942.11 1040.23 
person 439.57 961.84 473.14 1041.50 
person 674.13 973.95 701.97 995.57 
person 2334.23 964.99 2347.96 1008.00 
person 2546.68 961.14 2558.10 996.86 
person 493.31 961.28 527.36 1040.73 
person 590.21 963.81 614.81 1043.27 
