person 2766.04 957.83 2785.09 1004.98 
person 2496.61 959.14 2505.62 982.85 
person 2047.02 965.97 2061.64 1009.42 
person 2265.43 965.56 2292.23 1021.86 
person 2506.32 966.41 2534.86 1026.00 
person 2793.72 960.21 2816.47 1017.20 
person 2742.42 957.20 2765.20 1010.30 
person 1080.30 973.28 1112.30 1062.49 
person 395.03 970.03 445.98 1079.76 
person 747.83 975.70 783.03 1007.85 
person 2375.57 961.92 2390.29 1006.76 
person 2679.70 959.03 2700.16 1001.58 
person 482.76 962.45 524.33 1080.43 
person 616.44 969.99 667.59 1102.72 
