person 2767.30 957.96 2786.04 1005.85 
person 2496.87 959.12 2505.88 982.83 
person 2046.99 965.86 2061.72 1009.42 
person 2263.69 965.79 2290.49 1022.09 
person 2504.95 966.85 2534.54 1026.24 
person 2796.46 960.17 2819.20 1017.16 
person 2741.54 956.33 2764.20 1010.80 
person 2785.60 956.25 2803.35 1007.15 
person 1078.72 973.78 1110.72 1062.99 
person 392.07 969.82 442.77 1080.85 
person 745.34 975.64 780.54 1007.79 
person 2377.13 961.92 2392.09 1007.22 
person 2680.67 958.82 2701.55 1001.75 
person 479.81 962.16 521.08 1082.26 
person 614.08 969.84 665.22 1102.57 
