person 2769.82 958.21 2787.95 1007.59 
person 2497.39 959.09 2506.40 982.80 
person 2046.91 965.64 2061.88 1009.42 
person 2260.21 966.24 2287.00 1022.55 
person 2502.21 967.71 2533.92 1026.74 
person 2801.92 960.09 2824.66 1017.08 
person 2739.80 954.59 2762.20 1011.80 
person 2785.50 955.72 2803.25 1006.61 
person 1075.57 974.78 1107.57 1063.98 
person 386.14 969.40 436.34 1083.03 
person 740.37 975.52 775.57 1007.67 
person 2380.24 961.92 2395.70 1008.13 
person 2682.62 958.41 2704.33 1002.09 
person 473.93 961.58 514.57 1085.91 
person 609.35 969.55 660.50 1102.28 
