person 2771.08 958.33 2788.90 1008.46 
person 2497.65 959.08 2506.66 982.79 
person 2046.87 965.52 2061.95 1009.42 
person 2258.47 966.47 2285.26 1022.78 
person 2500.84 968.14 2533.61 1026.99 
person 2804.65 960.05 2827.39 1017.04 
person 2738.93 953.72 2761.20 1012.30 
person 2785.45 955.45 2803.20 1006.34 
person 1073.99 975.27 1105.99 1064.48 
person 383.17 969.20 433.13 1084.12 
person 737.88 975.45 773.08 1007.60 
person 2381.79 961.92 2397.50 1008.59 
person 2683.60 958.20 2705.72 1002.26 
person 470.98 961.29 511.31 1087.74 
person 606.99 969.41 658.13 1102.14 
