person 2774.94 958.61 2792.14 1010.23 
person 2498.43 959.03 2507.44 982.74 
person 2046.52 965.28 2062.42 1009.61 
person 2253.61 966.67 2280.20 1023.35 
person 2495.87 968.69 2531.55 1027.54 
person 2813.15 959.95 2836.31 1017.27 
person 2737.54 951.99 2759.37 1013.56 
person 2785.83 954.88 2803.83 1006.68 
person 1068.93 976.10 1101.13 1065.72 
person 374.38 968.68 423.83 1086.20 
person 730.22 975.52 765.42 1007.67 
person 2386.28 962.08 2402.66 1009.65 
person 2686.26 957.94 2709.07 1002.84 
person 462.24 960.71 501.95 1091.40 
person 599.09 969.12 650.23 1101.85 
