person 2776.27 958.63 2793.48 1010.25 
person 2498.69 959.02 2507.70 982.73 
person 2046.25 965.25 2062.72 1009.81 
person 2252.24 966.42 2278.63 1023.48 
person 2493.65 968.39 2530.12 1027.59 
person 2816.19 959.92 2839.76 1017.58 
person 2737.89 952.01 2759.54 1013.81 
person 2786.31 954.86 2804.56 1007.55 
person 1067.02 975.93 1099.43 1065.95 
person 371.51 968.58 420.97 1086.10 
person 727.54 975.70 762.74 1007.86 
person 2387.67 962.23 2404.23 1009.81 
person 2686.97 958.09 2709.63 1003.08 
person 459.39 960.71 499.10 1091.40 
person 595.91 969.12 647.06 1101.85 
