person 2514.04 959.39 2523.05 983.10 
person 2116.38 968.29 2129.21 1009.51 
person 2263.25 965.74 2280.28 1014.61 
person 2467.36 960.38 2486.23 1018.48 
person 2522.62 964.87 2543.40 1022.75 
person 2712.71 957.58 2734.52 1016.36 
person 2884.80 957.54 2898.04 998.70 
person 915.76 966.55 943.59 1040.33 
person 439.95 961.84 473.42 1041.81 
person 675.16 974.02 702.99 995.64 
person 2334.09 964.92 2347.83 1007.93 
person 2547.16 961.12 2559.10 996.95 
person 494.12 961.10 528.18 1040.56 
person 591.26 964.31 616.24 1043.77 
