person 2499.47 958.97 2508.48 982.68 
person 2045.41 965.18 2063.65 1010.38 
person 2248.13 965.65 2273.91 1023.84 
person 2486.97 967.46 2525.81 1027.74 
person 2825.32 959.84 2850.12 1018.51 
person 2738.94 952.06 2760.06 1014.59 
person 2787.75 954.78 2806.74 1010.17 
person 1061.28 975.42 1094.31 1066.67 
person 362.91 968.27 412.37 1085.79 
person 719.51 976.27 754.71 1008.42 
person 2391.81 962.69 2408.92 1010.27 
person 2689.10 958.54 2711.33 1003.80 
person 450.84 960.71 490.55 1091.40 
person 586.39 969.12 637.54 1101.85 
