person 2784.30 958.79 2801.51 1010.41 
person 2500.25 958.93 2509.26 982.64 
person 2044.58 965.11 2064.57 1010.96 
person 2244.02 964.88 2269.18 1024.21 
person 2480.29 966.54 2521.51 1027.89 
person 2834.45 959.77 2860.48 1019.44 
person 2740.00 952.11 2760.57 1015.36 
person 2789.19 954.70 2808.92 1012.78 
person 1055.55 974.90 1089.19 1067.39 
person 354.31 967.96 403.77 1085.48 
person 711.47 976.83 746.67 1008.98 
person 2395.96 963.15 2413.61 1010.73 
person 2691.23 958.99 2713.02 1004.52 
person 442.30 960.71 482.00 1091.40 
person 576.87 969.12 628.02 1101.85 
