person 2786.97 958.84 2804.18 1010.46 
person 2500.77 958.90 2509.78 982.61 
person 2044.03 965.06 2065.18 1011.34 
person 2241.28 964.37 2266.04 1024.45 
person 2475.83 965.93 2518.64 1028.00 
person 2840.54 959.71 2867.39 1020.06 
person 2740.70 952.15 2760.91 1015.87 
person 2790.15 954.65 2810.37 1014.53 
person 1051.73 974.56 1085.77 1067.87 
person 348.58 967.76 398.03 1085.28 
person 706.11 977.20 741.31 1009.36 
person 2398.72 963.46 2416.74 1011.04 
person 2692.66 959.30 2714.16 1005.00 
person 436.60 960.71 476.30 1091.40 
person 570.53 969.12 621.67 1101.85 
