person 2788.31 958.86 2805.52 1010.48 
person 2501.03 958.88 2510.04 982.59 
person 2043.75 965.04 2065.49 1011.53 
person 2239.91 964.11 2264.46 1024.58 
person 2473.61 965.62 2517.20 1028.05 
person 2843.58 959.69 2870.84 1020.37 
person 2741.05 952.16 2761.09 1016.13 
person 2790.63 954.62 2811.10 1015.40 
person 1049.82 974.39 1084.07 1068.11 
person 345.71 967.66 395.17 1085.17 
person 703.43 977.39 738.63 1009.54 
person 2400.11 963.61 2418.31 1011.19 
person 2693.37 959.45 2714.72 1005.24 
person 433.75 960.71 473.46 1091.40 
person 567.35 969.12 618.49 1101.85 
