person 2501.81 958.84 2510.82 982.55 
person 2043.18 964.97 2065.09 1012.11 
person 2235.79 963.34 2259.74 1024.94 
person 2466.93 964.70 2512.90 1028.20 
person 2852.71 959.61 2881.20 1021.30 
person 2742.10 952.21 2761.60 1016.90 
person 2792.07 954.55 2813.28 1018.02 
person 1044.08 973.88 1078.95 1068.83 
person 337.11 967.35 386.57 1084.87 
person 695.40 977.96 730.60 1010.11 
person 2404.25 964.07 2423.00 1011.65 
person 2695.50 959.90 2716.42 1005.96 
person 425.20 960.71 464.91 1091.40 
person 557.83 969.12 608.97 1101.85 
