person 2504.58 956.99 2513.59 980.70 
person 2040.65 964.82 2059.01 1013.26 
person 2227.57 961.81 2250.29 1025.68 
person 2458.50 964.70 2494.13 1028.20 
person 2867.02 957.88 2892.68 1019.57 
person 2741.34 952.21 2760.84 1016.90 
person 2798.03 954.01 2820.91 1018.94 
person 1032.62 972.86 1068.71 1070.26 
person 319.91 966.74 369.37 1084.25 
person 679.32 979.08 714.52 1011.23 
person 2408.06 964.53 2431.14 1012.12 
person 2695.15 959.66 2714.19 1005.73 
person 408.10 960.71 447.81 1091.40 
person 538.79 969.12 589.93 1101.85 
