person 2504.89 956.74 2513.92 980.45 
person 2037.38 965.33 2057.46 1013.65 
person 2223.81 961.29 2247.14 1026.00 
person 2455.49 964.68 2489.31 1028.18 
person 2871.79 957.31 2896.50 1019.00 
person 2741.08 952.21 2760.58 1016.90 
person 2799.12 954.04 2823.11 1019.94 
person 1029.45 972.69 1065.74 1070.50 
person 316.40 966.33 365.77 1083.79 
person 675.38 979.25 710.58 1011.40 
person 2408.64 964.69 2433.85 1012.90 
person 2695.03 959.59 2713.45 1005.65 
person 404.12 960.55 443.83 1091.24 
person 534.28 968.99 585.35 1101.72 
