person 2512.91 959.26 2521.92 982.97 
person 2115.63 968.29 2128.47 1009.51 
person 2263.05 965.39 2280.07 1014.27 
person 2467.63 960.38 2486.64 1018.48 
person 2523.59 964.60 2544.09 1022.48 
person 2712.99 957.39 2734.80 1016.17 
person 2885.40 957.33 2898.64 998.70 
person 918.72 966.74 946.56 1040.52 
person 440.72 961.84 474.00 1042.43 
person 677.21 974.16 705.05 995.78 
person 2333.81 964.78 2347.55 1007.80 
person 2548.10 961.07 2561.10 997.13 
person 495.76 960.74 529.81 1040.20 
person 593.36 965.32 619.10 1044.77 
