person 2504.45 956.88 2513.53 980.59 
person 2034.92 966.91 2055.83 1014.22 
person 2216.64 960.53 2242.42 1026.60 
person 2450.66 964.63 2484.23 1028.13 
person 2878.94 956.44 2902.24 1018.13 
person 2740.70 952.21 2760.20 1016.90 
person 2800.76 954.08 2826.41 1021.44 
person 1025.69 972.69 1061.98 1070.50 
person 314.45 965.43 363.57 1082.71 
person 671.58 979.18 706.78 1011.33 
person 2408.46 964.92 2437.92 1015.00 
person 2694.86 959.47 2712.33 1005.53 
person 400.74 960.06 440.45 1090.75 
person 530.27 968.61 581.13 1101.34 
