person 2504.30 956.93 2513.40 980.64 
person 2034.10 967.44 2055.29 1014.41 
person 2214.25 960.27 2240.85 1026.80 
person 2449.05 964.62 2482.53 1028.12 
person 2881.33 956.16 2904.16 1017.84 
person 2740.58 952.21 2760.08 1016.90 
person 2801.31 954.09 2827.52 1021.94 
person 1024.43 972.69 1060.72 1070.50 
person 313.80 965.13 362.84 1082.35 
person 670.31 979.15 705.51 1011.30 
person 2408.40 964.99 2439.28 1015.70 
person 2694.80 959.43 2711.96 1005.49 
person 399.62 959.90 439.32 1090.59 
person 528.94 968.48 579.73 1101.21 
