person 2505.39 957.03 2514.48 980.74 
person 2032.46 968.50 2054.20 1014.80 
person 2209.48 959.76 2237.70 1027.20 
person 2445.84 964.58 2479.15 1028.08 
person 2886.10 955.58 2907.98 1017.27 
person 2740.32 952.21 2759.82 1016.90 
person 2802.40 954.12 2829.72 1022.94 
person 1021.92 972.69 1058.21 1070.50 
person 312.50 964.53 361.38 1081.63 
person 667.78 979.11 702.98 1011.26 
person 2423.24 965.15 2441.99 1012.72 
person 2695.54 959.35 2712.94 1005.41 
person 397.36 959.57 437.07 1090.26 
person 526.27 968.22 576.91 1100.95 
