person 2505.94 957.08 2515.01 980.79 
person 2032.46 967.75 2054.20 1014.80 
person 2206.89 959.76 2235.45 1026.45 
person 2444.23 964.57 2477.45 1028.07 
person 2887.47 955.42 2909.82 1017.76 
person 2740.19 952.21 2759.69 1016.90 
person 2804.42 954.12 2831.12 1022.94 
person 1020.67 972.69 1056.96 1070.50 
person 311.85 964.23 360.65 1081.27 
person 666.51 979.08 701.71 1011.24 
person 2418.67 965.15 2444.00 1013.71 
person 2695.91 959.31 2713.43 1005.37 
person 396.23 959.41 435.94 1090.10 
person 524.93 968.10 575.51 1100.83 
