person 2512.35 959.19 2521.36 982.90 
person 2115.26 968.29 2128.10 1009.51 
person 2262.94 965.22 2279.97 1014.09 
person 2467.77 960.38 2486.85 1018.48 
person 2524.08 964.46 2544.43 1022.34 
person 2713.13 957.29 2734.93 1016.08 
person 2885.70 957.22 2898.94 998.70 
person 920.20 966.83 948.04 1040.61 
person 441.10 961.84 474.28 1042.74 
person 678.24 974.23 706.08 995.85 
person 2333.68 964.71 2347.41 1007.73 
person 2548.57 961.04 2562.10 997.23 
person 496.57 960.57 530.63 1040.02 
person 594.41 965.82 620.53 1045.27 
