person 2508.71 957.35 2517.72 981.06 
person 2029.78 967.66 2050.17 1015.46 
person 2185.27 959.22 2210.79 1024.59 
person 2434.60 964.45 2465.60 1027.95 
person 2901.70 954.34 2926.36 1021.20 
person 2738.54 952.21 2758.04 1016.90 
person 2824.60 954.28 2846.93 1023.11 
person 1004.35 972.69 1040.64 1070.50 
person 303.40 960.32 351.13 1076.59 
person 650.04 978.78 685.24 1010.93 
person 2463.16 965.15 2481.06 1015.90 
person 2693.23 958.80 2712.27 1004.87 
person 381.58 957.29 421.29 1087.98 
person 507.57 966.43 557.23 1099.16 
