person 2508.18 957.31 2517.19 981.02 
person 2029.11 967.83 2049.16 1015.62 
person 2180.51 959.08 2205.18 1024.32 
person 2435.42 964.45 2465.60 1027.95 
person 2904.02 954.34 2928.20 1021.20 
person 2738.16 952.21 2757.66 1016.90 
person 2827.61 954.36 2849.94 1023.19 
person 1000.59 972.69 1036.88 1070.50 
person 301.45 959.41 348.93 1075.51 
person 646.24 978.71 681.44 1010.86 
person 2472.12 967.22 2489.84 1019.63 
person 2690.60 958.69 2709.99 1004.75 
person 378.20 956.80 417.91 1087.50 
person 503.56 966.05 553.01 1098.78 
