person 2507.65 957.27 2516.66 980.98 
person 2028.44 967.99 2048.16 1015.79 
person 2175.76 958.95 2199.58 1024.04 
person 2436.24 964.45 2465.60 1027.95 
person 2906.35 954.34 2930.03 1021.20 
person 2737.78 952.21 2757.28 1016.90 
person 2830.63 954.44 2852.95 1023.27 
person 996.82 972.69 1033.11 1070.50 
person 299.50 958.51 346.74 1074.42 
person 642.44 978.64 677.64 1010.79 
person 2478.76 968.36 2499.08 1022.92 
person 2687.96 958.57 2707.70 1004.63 
person 374.82 956.32 414.52 1087.01 
person 499.56 965.67 548.79 1098.40 
