person 2507.47 957.26 2516.48 980.97 
person 2028.21 968.05 2047.82 1015.85 
person 2174.17 958.90 2197.71 1023.95 
person 2436.52 964.45 2465.60 1027.95 
person 2907.12 954.34 2930.64 1021.20 
person 2737.65 952.21 2757.15 1016.90 
person 2831.63 954.47 2853.96 1023.30 
person 995.57 972.69 1031.86 1070.50 
person 298.85 958.21 346.00 1074.06 
person 641.18 978.62 676.38 1010.77 
person 2479.44 968.13 2502.46 1023.72 
person 2687.08 958.53 2706.94 1004.59 
person 373.69 956.15 413.40 1086.84 
person 498.22 965.54 547.38 1098.27 
