person 2507.12 957.23 2516.13 980.94 
person 2027.77 968.16 2047.15 1015.96 
person 2171.00 958.81 2193.97 1023.76 
person 2437.07 964.45 2465.60 1027.95 
person 2908.67 954.34 2931.86 1021.20 
person 2737.40 952.21 2756.90 1016.90 
person 2833.64 954.52 2855.97 1023.35 
person 993.06 972.69 1029.35 1070.50 
person 297.55 957.61 344.54 1073.34 
person 638.64 978.57 673.84 1010.72 
person 2480.78 967.65 2509.23 1025.31 
person 2685.32 958.45 2705.41 1004.51 
person 371.43 955.83 411.14 1086.52 
person 495.55 965.28 544.57 1098.01 
