person 2506.76 957.21 2515.77 980.92 
person 2027.32 968.27 2046.48 1016.07 
person 2167.83 958.72 2190.24 1023.58 
person 2437.61 964.45 2465.60 1027.95 
person 2910.22 954.34 2933.08 1021.20 
person 2737.14 952.21 2756.65 1016.90 
person 2835.65 954.58 2857.97 1023.41 
person 990.54 972.69 1026.84 1070.50 
person 296.25 957.00 343.08 1072.62 
person 636.11 978.53 671.31 1010.68 
person 2482.13 967.18 2515.99 1026.91 
person 2683.56 958.38 2703.89 1004.44 
person 369.18 955.50 408.89 1086.19 
person 492.88 965.03 541.76 1097.76 
