person 2506.41 957.18 2515.42 980.89 
person 2026.87 968.38 2045.81 1016.18 
person 2164.66 958.63 2186.50 1023.40 
person 2438.16 964.45 2465.60 1027.95 
person 2911.77 954.34 2934.31 1021.20 
person 2736.89 952.21 2756.39 1016.90 
person 2837.66 954.63 2859.98 1023.46 
person 988.03 972.69 1024.33 1070.50 
person 294.95 956.40 341.61 1071.90 
person 633.58 978.48 668.78 1010.63 
person 2483.48 966.71 2522.75 1028.51 
person 2681.80 958.30 2702.36 1004.36 
person 366.92 955.18 406.63 1085.87 
person 490.21 964.77 538.95 1097.50 
