person 2506.23 957.17 2515.24 980.88 
person 2026.65 968.44 2045.47 1016.23 
person 2163.07 958.59 2184.64 1023.30 
person 2438.43 964.45 2465.60 1027.95 
person 2912.55 954.34 2934.92 1021.20 
person 2736.76 952.21 2756.26 1016.90 
person 2838.66 954.66 2860.99 1023.49 
person 986.78 972.69 1023.07 1070.50 
person 294.30 956.10 340.88 1071.54 
person 632.31 978.46 667.51 1010.61 
person 2484.15 966.47 2526.14 1029.30 
person 2680.92 958.26 2701.60 1004.32 
person 365.80 955.01 405.51 1085.71 
person 488.87 964.64 537.54 1097.37 
