person 2505.88 957.14 2514.89 980.85 
person 2026.20 968.55 2044.80 1016.34 
person 2159.90 958.50 2180.90 1023.12 
person 2438.98 964.45 2465.60 1027.95 
person 2914.10 954.34 2936.14 1021.20 
person 2736.51 952.21 2756.01 1016.90 
person 2840.67 954.71 2863.00 1023.54 
person 984.27 972.69 1020.56 1070.50 
person 293.00 955.50 339.42 1070.82 
person 629.78 978.41 664.98 1010.56 
person 2485.50 966.00 2532.90 1030.90 
person 2679.16 958.18 2700.08 1004.24 
person 363.54 954.69 403.25 1085.38 
person 486.20 964.39 534.73 1097.12 
