person 2505.88 957.14 2514.89 980.85 
person 2026.20 968.55 2044.80 1016.34 
person 2157.87 959.57 2179.93 1024.19 
person 2439.25 964.45 2465.60 1027.95 
person 2914.10 954.34 2936.14 1021.20 
person 2735.32 952.10 2755.04 1016.78 
person 2840.67 954.71 2863.00 1023.54 
person 984.27 972.69 1020.56 1070.50 
person 293.00 955.50 339.42 1070.82 
person 629.78 978.41 664.98 1010.56 
person 2490.63 966.00 2536.50 1031.03 
person 2678.07 958.18 2700.08 1004.59 
person 363.54 954.69 403.25 1085.38 
person 486.20 964.39 534.73 1097.12 
