person 2510.09 958.91 2519.10 982.62 
person 2113.77 968.29 2126.61 1009.51 
person 2262.53 964.53 2279.56 1013.41 
person 2468.32 960.38 2487.68 1018.48 
person 2526.03 963.91 2545.81 1021.79 
person 2713.67 956.92 2735.48 1015.70 
person 2886.89 956.81 2900.14 998.70 
person 926.12 967.22 953.96 1041.00 
person 442.63 961.84 475.43 1043.98 
person 682.35 974.52 710.18 996.14 
person 2333.13 964.43 2346.86 1007.45 
person 2550.46 960.95 2566.10 997.59 
person 499.84 959.85 533.89 1039.31 
person 598.62 967.82 626.24 1047.28 
