person 2508.96 958.77 2517.97 982.48 
person 2113.03 968.29 2125.87 1009.51 
person 2262.32 964.19 2279.35 1013.06 
person 2468.60 960.38 2488.09 1018.48 
person 2527.00 963.63 2546.50 1021.51 
person 2713.95 956.73 2735.76 1015.51 
person 2887.49 956.60 2900.74 998.70 
person 929.09 967.41 956.92 1041.19 
person 443.40 961.84 476.00 1044.60 
person 684.40 974.66 712.24 996.28 
person 2332.85 964.30 2346.59 1007.31 
person 2551.41 960.90 2568.10 997.78 
person 501.47 959.50 535.53 1038.95 
person 600.72 968.83 629.10 1048.28 
