person 2508.28 958.83 2517.29 982.54 
person 2110.49 968.41 2123.32 1009.62 
person 2262.32 964.19 2279.35 1013.68 
person 2469.67 960.60 2489.16 1018.71 
person 2529.77 963.40 2549.27 1021.28 
person 2714.36 956.44 2736.17 1015.22 
person 2887.84 956.60 2901.25 998.70 
person 935.54 967.75 963.37 1041.53 
person 444.11 962.07 478.21 1045.96 
person 689.89 974.41 717.78 996.23 
person 2332.51 964.18 2346.25 1007.20 
person 2554.86 961.13 2571.04 998.00 
person 503.79 959.67 537.85 1041.16 
person 602.67 968.66 632.61 1049.25 
