person 2508.06 958.85 2517.07 982.56 
person 2109.64 968.44 2122.47 1009.66 
person 2262.32 964.19 2279.35 1013.89 
person 2470.03 960.68 2489.52 1018.78 
person 2530.70 963.33 2550.20 1021.21 
person 2714.50 956.35 2736.30 1015.13 
person 2887.96 956.60 2901.42 998.70 
person 937.69 967.86 965.52 1041.64 
person 444.35 962.15 478.94 1046.41 
person 691.72 974.33 719.63 996.21 
person 2332.40 964.15 2346.14 1007.16 
person 2556.01 961.20 2572.02 998.08 
person 504.57 959.72 538.62 1041.89 
person 603.33 968.60 633.78 1049.57 
