person 2507.83 958.87 2516.84 982.58 
person 2108.79 968.48 2121.63 1009.70 
person 2262.32 964.19 2279.35 1014.10 
person 2470.39 960.75 2489.88 1018.86 
person 2531.62 963.25 2551.12 1021.13 
person 2714.63 956.25 2736.44 1015.03 
person 2888.07 956.60 2901.59 998.70 
person 939.84 967.97 967.67 1041.75 
person 444.58 962.22 479.68 1046.86 
person 693.55 974.25 721.48 996.19 
person 2332.29 964.11 2346.02 1007.12 
person 2557.16 961.28 2572.99 998.16 
person 505.34 959.78 539.39 1042.62 
person 603.98 968.54 634.95 1049.89 
