person 2507.60 958.88 2516.61 982.59 
person 2107.94 968.52 2120.78 1009.73 
person 2262.32 964.19 2279.35 1014.31 
person 2470.75 960.83 2490.24 1018.93 
person 2532.54 963.18 2552.04 1021.06 
person 2714.77 956.16 2736.58 1014.94 
person 2888.19 956.60 2901.76 998.70 
person 941.99 968.09 969.82 1041.87 
person 444.82 962.30 480.41 1047.32 
person 695.38 974.16 723.33 996.17 
person 2332.17 964.07 2345.91 1007.09 
person 2558.31 961.35 2573.97 998.23 
person 506.11 959.84 540.17 1043.36 
person 604.63 968.49 636.12 1050.21 
