person 2507.38 958.90 2516.39 982.61 
person 2107.09 968.56 2119.93 1009.77 
person 2262.32 964.19 2279.35 1014.51 
person 2471.11 960.90 2490.60 1019.01 
person 2533.47 963.10 2552.97 1020.98 
person 2714.91 956.06 2736.71 1014.84 
person 2888.31 956.60 2901.93 998.70 
person 944.14 968.20 971.97 1041.98 
person 445.06 962.37 481.15 1047.77 
person 697.21 974.08 725.17 996.15 
person 2332.06 964.03 2345.80 1007.05 
person 2559.46 961.43 2574.95 998.31 
person 506.89 959.89 540.94 1044.09 
person 605.28 968.43 637.29 1050.54 
