person 2506.93 958.94 2515.94 982.65 
person 2105.39 968.63 2118.23 1009.85 
person 2262.32 964.19 2279.35 1014.93 
person 2471.82 961.05 2491.31 1019.16 
person 2535.32 962.95 2554.82 1020.83 
person 2715.18 955.87 2736.99 1014.65 
person 2888.54 956.60 2902.27 998.70 
person 948.44 968.42 976.27 1042.21 
person 445.53 962.52 482.62 1048.67 
person 700.87 973.91 728.87 996.12 
person 2331.83 963.96 2345.57 1006.97 
person 2561.76 961.58 2576.91 998.46 
person 508.43 960.01 542.49 1045.56 
person 606.58 968.32 639.63 1051.18 
