person 2506.70 958.96 2515.71 982.67 
person 2104.55 968.67 2117.38 1009.88 
person 2262.32 964.19 2279.35 1015.13 
person 2472.18 961.13 2491.67 1019.24 
person 2536.24 962.87 2555.74 1020.75 
person 2715.32 955.78 2737.13 1014.56 
person 2888.65 956.60 2902.44 998.70 
person 950.59 968.54 978.42 1042.32 
person 445.77 962.60 483.35 1049.13 
person 702.70 973.83 730.72 996.10 
person 2331.72 963.92 2345.46 1006.94 
person 2562.91 961.65 2577.89 998.53 
person 509.21 960.06 543.26 1046.29 
person 607.24 968.26 640.80 1051.50 
