person 2505.57 959.05 2514.58 982.76 
person 2100.30 968.86 2113.14 1010.07 
person 2262.32 964.19 2279.35 1016.17 
person 2473.97 961.51 2493.46 1019.61 
person 2540.86 962.50 2560.36 1020.38 
person 2716.00 955.30 2737.81 1014.08 
person 2889.24 956.60 2903.28 998.70 
person 961.34 969.10 989.17 1042.88 
person 446.95 962.98 487.03 1051.39 
person 711.84 973.41 739.96 996.00 
person 2331.15 963.73 2344.89 1006.75 
person 2568.66 962.03 2582.78 998.91 
person 513.07 960.35 547.13 1049.96 
person 610.49 967.98 646.64 1053.11 
