person 2505.34 959.07 2514.35 982.78 
person 2099.45 968.90 2112.29 1010.11 
person 2262.32 964.19 2279.35 1016.38 
person 2474.33 961.58 2493.82 1019.69 
person 2541.78 962.42 2561.28 1020.30 
person 2716.14 955.21 2737.95 1013.99 
person 2889.35 956.60 2903.45 998.70 
person 963.49 969.22 991.32 1043.00 
person 447.19 963.05 487.77 1051.84 
person 713.67 973.33 741.81 995.98 
person 2331.04 963.69 2344.78 1006.71 
person 2569.81 962.11 2583.76 998.98 
person 513.85 960.40 547.90 1050.70 
person 611.15 967.92 647.81 1053.43 
