person 2505.11 959.09 2514.12 982.80 
person 2098.61 968.93 2111.44 1010.15 
person 2262.32 964.19 2279.35 1016.59 
person 2474.69 961.66 2494.18 1019.76 
person 2542.71 962.35 2562.21 1020.23 
person 2716.28 955.11 2738.08 1013.89 
person 2889.47 956.60 2903.62 998.70 
person 965.64 969.33 993.47 1043.11 
person 447.43 963.13 488.50 1052.29 
person 715.50 973.24 743.65 995.96 
person 2330.93 963.66 2344.67 1006.67 
person 2570.96 962.18 2584.74 999.06 
person 514.62 960.46 548.67 1051.43 
person 611.80 967.86 648.98 1053.76 
