person 2504.89 959.11 2513.90 982.82 
person 2097.76 968.97 2110.59 1010.19 
person 2262.32 964.19 2279.35 1016.79 
person 2475.05 961.73 2494.54 1019.84 
person 2543.63 962.27 2563.13 1020.15 
person 2716.41 955.02 2738.22 1013.80 
person 2889.58 956.60 2903.79 998.70 
person 967.79 969.44 995.62 1043.22 
person 447.66 963.20 489.24 1052.75 
person 717.33 973.16 745.50 995.95 
person 2330.81 963.62 2344.55 1006.63 
person 2572.12 962.26 2585.72 999.13 
person 515.39 960.52 549.45 1052.17 
person 612.45 967.81 650.15 1054.08 
