person 2504.27 959.08 2513.28 982.79 
person 2096.06 968.99 2108.89 1010.21 
person 2262.10 964.19 2279.07 1017.00 
person 2475.47 961.82 2494.95 1020.02 
person 2545.50 962.15 2565.00 1020.03 
person 2717.00 954.94 2738.81 1013.72 
person 2889.37 956.63 2903.63 998.73 
person 972.03 969.65 999.86 1043.43 
person 448.84 963.52 490.69 1053.44 
person 720.35 973.17 748.54 996.02 
person 2330.59 963.58 2344.32 1006.60 
person 2574.09 962.33 2587.52 999.21 
person 517.12 960.67 551.17 1053.12 
person 614.78 967.84 652.57 1054.95 
