person 2503.89 959.04 2512.90 982.75 
person 2095.21 968.98 2108.04 1010.19 
person 2261.87 964.19 2278.80 1017.00 
person 2475.52 961.83 2495.01 1020.12 
person 2546.44 962.11 2565.94 1019.99 
person 2717.45 954.95 2739.25 1013.73 
person 2889.04 956.66 2903.31 998.76 
person 974.12 969.74 1001.95 1043.52 
person 449.78 963.76 491.41 1053.68 
person 721.55 973.26 749.74 996.11 
person 2330.47 963.58 2344.21 1006.60 
person 2574.91 962.33 2588.34 999.21 
person 518.08 960.77 552.13 1053.35 
person 616.45 967.93 653.83 1055.50 
