person 2503.11 958.95 2512.12 982.66 
person 2093.50 968.95 2106.34 1010.16 
person 2261.42 964.19 2278.24 1017.00 
person 2475.64 961.85 2495.12 1020.33 
person 2548.32 962.02 2567.82 1019.90 
person 2718.34 954.98 2740.15 1013.76 
person 2888.39 956.72 2902.65 998.82 
person 978.30 969.91 1006.13 1043.70 
person 451.66 964.23 492.84 1054.16 
person 723.94 973.43 752.13 996.29 
person 2330.24 963.58 2343.98 1006.60 
person 2576.55 962.33 2589.98 999.21 
person 519.99 960.96 554.04 1053.80 
person 619.80 968.11 656.33 1056.60 
