person 2502.33 958.86 2511.34 982.57 
person 2091.80 968.92 2104.64 1010.13 
person 2260.97 964.19 2277.69 1017.00 
person 2475.75 961.87 2495.24 1020.54 
person 2550.20 961.93 2569.70 1019.81 
person 2719.24 955.01 2741.05 1013.79 
person 2887.73 956.78 2901.99 998.88 
person 982.48 970.09 1010.31 1043.87 
person 453.54 964.71 494.27 1054.63 
person 726.33 973.61 754.52 996.46 
person 2330.01 963.58 2343.75 1006.60 
person 2578.19 962.33 2591.63 999.21 
person 521.90 961.15 555.95 1054.24 
person 623.15 968.29 658.84 1057.70 
