person 2501.56 958.77 2510.57 982.48 
person 2090.10 968.89 2102.94 1010.10 
person 2260.51 964.19 2277.13 1017.00 
person 2475.86 961.88 2495.35 1020.75 
person 2552.08 961.84 2571.58 1019.72 
person 2720.13 955.04 2741.94 1013.82 
person 2887.07 956.84 2901.33 998.94 
person 986.66 970.27 1014.49 1044.05 
person 455.42 965.19 495.71 1055.11 
person 728.71 973.79 756.91 996.64 
person 2329.78 963.58 2343.52 1006.60 
person 2579.83 962.33 2593.27 999.21 
person 523.81 961.34 557.86 1054.69 
person 626.50 968.47 661.35 1058.80 
