person 2501.17 958.73 2510.18 982.44 
person 2089.25 968.88 2102.09 1010.09 
person 2260.29 964.19 2276.85 1017.00 
person 2475.92 961.89 2495.41 1020.86 
person 2553.02 961.79 2572.52 1019.67 
person 2720.58 955.06 2742.39 1013.84 
person 2886.74 956.87 2901.01 998.97 
person 988.75 970.36 1016.58 1044.14 
person 456.36 965.43 496.42 1055.35 
person 729.91 973.88 758.10 996.73 
person 2329.67 963.58 2343.41 1006.60 
person 2580.66 962.33 2594.09 999.21 
person 524.77 961.44 558.82 1054.92 
person 628.18 968.56 662.61 1059.35 
