person 2500.78 958.68 2509.79 982.39 
person 2088.40 968.86 2101.24 1010.07 
person 2260.06 964.19 2276.58 1017.00 
person 2475.98 961.90 2495.47 1020.96 
person 2553.96 961.75 2573.46 1019.63 
person 2721.03 955.07 2742.84 1013.85 
person 2886.42 956.90 2900.68 999.00 
person 990.84 970.45 1018.67 1044.23 
person 457.30 965.67 497.14 1055.59 
person 731.10 973.97 759.29 996.82 
person 2329.55 963.58 2343.29 1006.60 
person 2581.48 962.33 2594.91 999.21 
person 525.72 961.54 559.77 1055.14 
person 629.85 968.65 663.86 1059.90 
