person 2500.39 958.64 2509.40 982.35 
person 2087.55 968.85 2100.38 1010.06 
person 2259.84 964.19 2276.30 1017.00 
person 2476.03 961.91 2495.52 1021.07 
person 2554.90 961.70 2574.40 1019.58 
person 2721.48 955.09 2743.29 1013.87 
person 2886.09 956.93 2900.35 999.03 
person 992.93 970.54 1020.76 1044.32 
person 458.24 965.91 497.86 1055.83 
person 732.30 974.06 760.49 996.91 
person 2329.44 963.58 2343.18 1006.60 
person 2582.30 962.33 2595.73 999.21 
person 526.68 961.63 560.73 1055.36 
person 631.53 968.74 665.11 1060.45 
