person 2498.06 958.37 2507.07 982.08 
person 2082.44 968.76 2095.28 1009.97 
person 2258.48 964.19 2274.63 1017.00 
person 2476.37 961.97 2495.86 1021.70 
person 2560.55 961.43 2580.05 1019.31 
person 2724.17 955.18 2745.97 1013.96 
person 2884.12 957.11 2898.38 999.21 
person 1005.47 971.08 1033.30 1044.86 
person 463.88 967.34 502.15 1057.26 
person 739.46 974.60 767.65 997.45 
person 2328.75 963.58 2342.49 1006.60 
person 2587.22 962.33 2600.66 999.21 
person 532.41 962.21 566.46 1056.71 
person 641.58 969.27 672.64 1063.75 
