person 2496.90 958.23 2505.91 981.94 
person 2079.89 968.71 2092.73 1009.93 
person 2257.80 964.19 2273.80 1017.00 
person 2476.55 962.00 2496.03 1022.01 
person 2563.37 961.30 2582.87 1019.18 
person 2725.51 955.22 2747.32 1014.00 
person 2883.13 957.20 2897.39 999.30 
person 1011.74 971.35 1039.57 1045.13 
person 466.70 968.06 504.30 1057.98 
person 743.05 974.87 771.24 997.72 
person 2328.41 963.58 2342.15 1006.60 
person 2589.69 962.33 2603.12 999.21 
person 535.28 962.50 569.33 1057.38 
person 646.60 969.54 676.40 1065.40 
