person 2496.61 958.26 2505.62 981.97 
person 2078.99 968.71 2091.76 1009.86 
person 2257.59 964.20 2273.68 1017.21 
person 2476.60 962.01 2496.09 1022.12 
person 2564.55 961.45 2583.86 1019.33 
person 2726.29 955.29 2748.31 1014.17 
person 2882.58 957.25 2896.85 999.34 
person 1013.55 971.43 1041.38 1045.21 
person 466.62 968.04 505.02 1058.77 
person 744.32 974.90 772.76 997.75 
person 2328.29 963.58 2342.03 1006.60 
person 2590.19 962.35 2603.63 999.23 
person 536.02 962.53 570.08 1058.23 
person 647.69 969.54 677.93 1065.78 
