person 2496.04 958.31 2505.05 982.02 
person 2077.19 968.71 2089.82 1009.74 
person 2257.18 964.22 2273.45 1017.62 
person 2476.72 962.03 2496.20 1022.33 
person 2566.92 961.76 2585.85 1019.64 
person 2727.85 955.42 2750.30 1014.50 
person 2881.49 957.35 2895.75 999.44 
person 1017.16 971.60 1045.00 1045.38 
person 466.45 968.01 506.44 1060.37 
person 746.88 974.97 775.81 997.82 
person 2328.06 963.58 2341.80 1006.60 
person 2591.21 962.39 2604.64 999.27 
person 537.52 962.60 571.57 1059.92 
person 649.88 969.54 680.98 1066.55 
