person 2495.75 958.34 2504.76 982.05 
person 2076.29 968.71 2088.85 1009.68 
person 2256.97 964.24 2273.33 1017.82 
person 2476.77 962.04 2496.26 1022.43 
person 2568.11 961.91 2586.84 1019.79 
person 2728.63 955.49 2751.29 1014.67 
person 2880.94 957.40 2895.20 999.49 
person 1018.97 971.68 1046.81 1045.46 
person 466.37 967.99 507.16 1061.16 
person 748.16 975.00 777.34 997.85 
person 2327.95 963.58 2341.69 1006.60 
person 2591.71 962.41 2605.15 999.29 
person 538.26 962.63 572.32 1060.76 
person 650.98 969.54 682.50 1066.93 
