person 2495.47 958.37 2504.48 982.08 
person 2075.40 968.71 2087.89 1009.61 
person 2256.76 964.25 2273.22 1018.03 
person 2476.83 962.05 2496.32 1022.54 
person 2569.29 962.07 2587.84 1019.95 
person 2729.41 955.55 2752.28 1014.84 
person 2880.39 957.45 2894.66 999.54 
person 1020.78 971.76 1048.62 1045.54 
person 466.28 967.97 507.87 1061.96 
person 749.43 975.03 778.87 997.88 
person 2327.84 963.58 2341.57 1006.60 
person 2592.22 962.43 2605.65 999.31 
person 539.01 962.67 573.06 1061.61 
person 652.07 969.54 684.03 1067.32 
