person 2494.89 958.42 2503.90 982.13 
person 2073.60 968.71 2085.95 1009.49 
person 2256.35 964.27 2272.98 1018.44 
person 2476.94 962.06 2496.43 1022.75 
person 2571.66 962.37 2589.82 1020.25 
person 2730.97 955.69 2754.27 1015.17 
person 2879.30 957.55 2893.56 999.64 
person 1024.40 971.93 1052.23 1045.71 
person 466.12 967.94 509.30 1063.55 
person 751.99 975.10 781.92 997.94 
person 2327.61 963.58 2341.34 1006.60 
person 2593.23 962.47 2606.67 999.35 
person 540.50 962.73 574.56 1063.30 
person 654.26 969.54 687.08 1068.08 
