person 2494.61 958.45 2503.62 982.16 
person 2072.70 968.71 2084.98 1009.43 
person 2256.14 964.28 2272.87 1018.64 
person 2477.00 962.07 2496.49 1022.85 
person 2572.85 962.53 2590.82 1020.41 
person 2731.75 955.75 2755.27 1015.34 
person 2878.75 957.59 2893.01 999.69 
person 1026.20 972.01 1054.04 1045.79 
person 466.03 967.92 510.01 1064.34 
person 753.27 975.13 783.44 997.98 
person 2327.49 963.58 2341.23 1006.60 
person 2593.74 962.49 2607.17 999.37 
person 541.25 962.76 575.30 1064.14 
person 655.36 969.54 688.61 1068.47 
