person 2494.32 958.47 2503.33 982.18 
person 2071.80 968.71 2084.01 1009.36 
person 2255.93 964.29 2272.75 1018.85 
person 2477.06 962.08 2496.55 1022.96 
person 2574.03 962.68 2591.81 1020.56 
person 2732.53 955.82 2756.26 1015.50 
person 2878.20 957.64 2892.47 999.74 
person 1028.01 972.09 1055.85 1045.87 
person 465.95 967.91 510.72 1065.14 
person 754.54 975.17 784.97 998.01 
person 2327.38 963.58 2341.12 1006.60 
person 2594.25 962.51 2607.68 999.39 
person 542.00 962.80 576.05 1064.99 
person 656.45 969.54 690.14 1068.85 
