person 2494.03 958.50 2503.04 982.21 
person 2070.90 968.71 2083.04 1009.30 
person 2255.73 964.30 2272.63 1019.06 
person 2477.11 962.09 2496.60 1023.06 
person 2575.22 962.83 2592.80 1020.71 
person 2733.31 955.89 2757.25 1015.67 
person 2877.66 957.69 2891.92 999.79 
person 1029.82 972.18 1057.66 1045.96 
person 465.87 967.89 511.44 1065.94 
person 755.82 975.20 786.49 998.04 
person 2327.26 963.58 2341.00 1006.60 
person 2594.75 962.53 2608.19 999.41 
person 542.74 962.83 576.80 1065.84 
person 657.54 969.54 691.66 1069.23 
