person 2493.75 958.53 2502.76 982.24 
person 2070.00 968.71 2082.08 1009.24 
person 2255.52 964.32 2272.52 1019.26 
person 2477.17 962.10 2496.66 1023.17 
person 2576.40 962.99 2593.80 1020.87 
person 2734.09 955.95 2758.25 1015.83 
person 2877.11 957.74 2891.37 999.84 
person 1031.63 972.26 1059.46 1046.04 
person 465.78 967.88 512.15 1066.73 
person 757.10 975.23 788.02 998.07 
person 2327.15 963.58 2340.89 1006.60 
person 2595.26 962.55 2608.69 999.43 
person 543.49 962.86 577.54 1066.68 
person 658.64 969.54 693.19 1069.62 
