person 2493.17 958.58 2502.18 982.29 
person 2068.21 968.71 2080.14 1009.11 
person 2255.11 964.34 2272.28 1019.67 
person 2477.28 962.12 2496.77 1023.38 
person 2578.77 963.29 2595.78 1021.17 
person 2735.65 956.09 2760.23 1016.17 
person 2876.01 957.84 2890.28 999.94 
person 1035.24 972.43 1063.08 1046.21 
person 465.62 967.84 513.58 1068.32 
person 759.65 975.30 791.07 998.14 
person 2326.92 963.58 2340.66 1006.60 
person 2596.27 962.59 2609.71 999.47 
person 544.98 962.93 579.03 1068.37 
person 660.83 969.54 696.24 1070.38 
