person 2492.88 958.61 2501.89 982.32 
person 2067.31 968.71 2079.17 1009.05 
person 2254.90 964.35 2272.17 1019.88 
person 2477.34 962.13 2496.83 1023.48 
person 2579.96 963.45 2596.77 1021.33 
person 2736.43 956.15 2761.23 1016.33 
person 2875.47 957.89 2889.73 999.99 
person 1037.05 972.51 1064.89 1046.29 
person 465.53 967.83 514.29 1069.12 
person 760.93 975.33 792.60 998.17 
person 2326.80 963.58 2340.54 1006.60 
person 2596.78 962.61 2610.21 999.49 
person 545.73 962.96 579.78 1069.22 
person 661.92 969.54 697.77 1070.77 
