person 2492.60 958.63 2501.61 982.34 
person 2066.41 968.71 2078.20 1008.99 
person 2254.69 964.36 2272.05 1020.08 
person 2477.40 962.14 2496.89 1023.59 
person 2581.14 963.60 2597.77 1021.48 
person 2737.21 956.22 2762.22 1016.50 
person 2874.92 957.94 2889.18 1000.04 
person 1038.86 972.59 1066.70 1046.37 
person 465.45 967.81 515.00 1069.91 
person 762.21 975.37 794.12 998.20 
person 2326.69 963.58 2340.43 1006.60 
person 2597.29 962.63 2610.72 999.51 
person 546.48 963.00 580.53 1070.06 
person 663.02 969.54 699.29 1071.15 
