person 0.97970901 469 949 485 999 
person 0.99770508 740 951 770 1041 
person 0.99730637 833 954 854 1032 
person 0.97369637 1004 956 1023 1060 
person 0.99591339 1319 953 1339 999 
person 0.99377747 1408 963 1434 1025 
person 0.99003716 1239 958 1270 999 
person 0.97164963 1024 958 1037 1062 
person 0.57023079 1392 953 1403 972 
person 0.99732491 1923 953 1942 1011 
person 0.9219957 1681 963 1702 1003 
person 0.99856812 2585 950 2611 1021 
person 0.97777626 3562 953 3583 1058 
person 0.62559677 3584 966 3605 1024 
