person 0.98164772 469 949 485 1000 
person 0.99957916 738 953 775 1041 
person 0.99840019 837 958 865 1031 
person 0.56622665 1008 962 1023 1076 
person 0.99663055 1319 955 1340 999 
person 0.99546425 1406 963 1433 1023 
person 0.99202309 1243 953 1285 999 
person 0.95784767 1024 957 1044 1062 
person 0.50787277 1392 953 1404 972 
person 0.99726891 1923 953 1942 1012 
person 0.98623375 1679 961 1703 1005 
person 0.99863602 2585 951 2612 1024 
person 0.9805114 3560 948 3583 1063 
person 0.55294533 3584 963 3603 1024 
