person 0.99261543 465 946 483 1002 
person 0.99840813 759 954 784 1041 
person 0.99766251 724 946 748 1047 
person 0.98956154 914 962 961 1104 
person 0.99653915 1273 956 1295 993 
person 0.99145027 1119 959 1148 1004 
person 0.97508308 1476 948 1507 1044 
person 0.65040863 1392 953 1403 972 
person 0.50732494 1435 945 1444 971 
person 0.99796646 1939 953 1959 1010 
person 0.99728981 1715 953 1768 1007 
person 0.99942307 2582 948 2605 1022 
person 0.99388351 3560 950 3583 1071 
person 0.87617645 3585 956 3595 1076 
