person 0.99512672 465 946 483 1003 
person 0.99987732 759 957 798 1038 
person 0.99564194 924 973 970 1098 
person 0.99437531 717 949 748 1041 
person 0.98656921 1289 957 1304 996 
person 0.97772942 1464 967 1487 1037 
person 0.63832146 1392 953 1403 972 
person 0.56494301 1136 965 1161 1001 
person 0.50776855 1403 966 1410 983 
person 0.99664154 1934 953 1956 1010 
person 0.99494324 1709 957 1729 1006 
person 0.9993631 2582 947 2606 1022 
person 0.96750847 3559 951 3583 1067 
person 0.78006218 3585 961 3595 1072 
