person 624.36 970.46 641.87 987.98 
person 539.71 965.28 568.90 1042.46 
person 2516.31 967.06 2535.63 1022.79 
person 2124.52 968.42 2133.71 1009.34 
person 2286.91 965.74 2302.32 1018.98 
person 2721.48 959.03 2739.32 1016.87 
person 2884.45 955.79 2898.50 1000.38 
person 848.78 968.52 870.83 1037.27 
person 418.42 959.76 438.85 1038.25 
person 463.82 960.73 486.52 1037.60 
person 2340.16 965.01 2350.83 1008.44 
person 2441.60 961.12 2463.37 1024.04 
person 2500.38 961.77 2512.99 1000.69 
person 2895.13 956.46 2904.05 982.27 
