person 624.54 970.46 642.05 987.98 
person 540.09 965.33 569.28 1042.52 
person 2515.70 967.06 2535.02 1022.79 
person 2124.38 968.42 2133.57 1009.34 
person 2286.74 965.74 2302.15 1018.98 
person 2721.23 959.03 2739.07 1016.87 
person 2884.33 955.79 2898.38 1000.38 
person 849.39 968.41 871.44 1037.17 
person 418.14 959.76 438.82 1038.24 
person 464.14 960.73 486.83 1037.60 
person 2340.05 965.01 2350.72 1008.44 
person 2441.43 961.12 2463.20 1024.04 
person 2500.46 961.77 2513.08 1000.69 
person 2894.90 956.46 2903.81 982.27 
