person 626.14 970.46 643.65 987.98 
person 543.50 965.86 572.69 1043.05 
person 2510.23 967.06 2529.55 1022.79 
person 2122.81 968.42 2132.01 1009.34 
person 2284.86 965.74 2300.27 1018.98 
person 2719.18 959.12 2737.02 1016.96 
person 2883.28 955.79 2897.33 1000.38 
person 853.62 967.71 878.24 1036.46 
person 415.67 959.70 438.55 1038.19 
person 466.96 960.73 489.57 1037.60 
person 2339.00 965.01 2349.67 1008.44 
person 2439.20 961.12 2460.97 1024.04 
person 2501.25 961.77 2513.87 1000.69 
person 2892.44 956.28 2901.34 982.08 
