person 2508.85 958.94 2518.55 984.86 
person 684.32 971.60 718.36 994.24 
person 599.28 967.95 628.46 1045.13 
person 2529.20 964.66 2548.51 1020.39 
person 2112.50 969.57 2128.73 1010.48 
person 2260.19 964.59 2273.59 1017.83 
person 2710.86 956.49 2734.54 1017.10 
person 2884.77 953.72 2903.43 998.34 
person 931.87 967.83 961.23 1040.07 
person 451.32 959.45 471.75 1037.93 
person 502.11 959.17 530.40 1044.90 
person 2332.13 965.01 2345.83 1008.44 
person 2470.28 962.20 2489.20 1022.65 
person 2553.20 961.68 2570.41 997.34 
