person 2508.53 958.98 2518.23 984.90 
person 687.72 971.81 721.76 994.45 
person 602.35 967.84 631.54 1045.03 
person 2530.34 964.55 2549.66 1020.28 
person 2110.62 969.57 2126.64 1009.80 
person 2260.03 964.59 2273.69 1017.83 
person 2711.16 956.88 2734.83 1017.10 
person 2887.79 955.08 2903.15 998.40 
person 936.22 968.14 965.59 1040.38 
person 452.91 959.98 473.34 1038.46 
person 504.44 958.85 532.74 1044.58 
person 2331.92 965.01 2345.62 1008.44 
person 2470.84 962.01 2489.76 1022.47 
person 2555.36 961.68 2572.57 997.34 
