person 2508.36 959.00 2518.07 984.92 
person 689.42 971.92 723.46 994.56 
person 603.89 967.79 633.08 1044.97 
person 2530.92 964.50 2550.23 1020.23 
person 2109.69 969.57 2125.59 1009.45 
person 2259.95 964.59 2273.73 1017.83 
person 2711.30 957.08 2734.98 1017.10 
person 2888.28 955.26 2903.90 998.47 
person 938.40 968.30 967.76 1040.54 
person 453.70 960.24 474.14 1038.72 
person 505.61 958.69 533.90 1044.42 
person 2331.82 965.01 2345.52 1008.44 
person 2471.12 961.92 2490.04 1022.37 
person 2556.45 961.68 2573.65 997.34 
