person 2508.04 959.03 2517.75 984.95 
person 692.81 972.13 726.85 994.77 
person 606.97 967.68 636.16 1044.87 
person 2532.06 964.39 2551.38 1020.12 
person 2107.81 969.57 2123.49 1008.76 
person 2259.79 964.59 2273.83 1017.83 
person 2711.60 957.48 2735.28 1017.10 
person 2889.26 955.62 2905.40 998.60 
person 942.75 968.62 972.11 1040.86 
person 455.30 960.77 475.73 1039.26 
person 507.94 958.37 536.24 1044.10 
person 2331.61 965.01 2345.31 1008.44 
person 2471.68 961.73 2490.61 1022.18 
person 2558.61 961.68 2575.82 997.34 
