person 2507.88 959.05 2517.59 984.97 
person 694.51 972.24 728.55 994.87 
person 608.51 967.63 637.70 1044.81 
person 2532.64 964.34 2551.95 1020.06 
person 2106.87 969.57 2122.44 1008.42 
person 2259.71 964.59 2273.88 1017.83 
person 2711.75 957.67 2735.43 1017.10 
person 2888.99 956.51 2905.85 998.33 
person 944.92 968.78 974.29 1041.02 
person 456.09 961.04 476.52 1039.52 
person 509.11 958.21 537.41 1043.94 
person 2331.51 965.01 2345.21 1008.44 
person 2471.97 961.64 2490.89 1022.09 
person 2559.69 961.68 2576.90 997.34 
