person 2507.56 959.09 2517.26 985.01 
person 697.91 972.45 731.95 995.09 
person 611.59 967.52 640.78 1044.71 
person 2533.78 964.23 2553.10 1019.96 
person 2104.99 969.57 2120.35 1007.73 
person 2259.56 964.59 2273.97 1017.83 
person 2712.05 958.07 2735.72 1017.10 
person 2888.46 958.30 2906.75 997.78 
person 949.28 969.10 978.64 1041.34 
person 457.68 961.57 478.12 1040.05 
person 511.45 957.89 539.74 1043.63 
person 2331.30 965.01 2345.00 1008.44 
person 2472.53 961.45 2491.45 1021.90 
person 2561.85 961.68 2579.06 997.34 
