person 2507.40 959.11 2517.10 985.02 
person 699.60 972.56 733.65 995.19 
person 613.13 967.47 642.32 1044.65 
person 2534.36 964.18 2553.67 1019.90 
person 2104.06 969.57 2119.30 1007.39 
person 2259.48 964.59 2274.02 1017.83 
person 2712.20 958.27 2735.87 1017.10 
person 2888.20 959.20 2907.20 997.50 
person 951.45 969.26 980.82 1041.50 
person 458.48 961.83 478.91 1040.32 
person 512.61 957.74 540.91 1043.47 
person 2331.20 965.01 2344.89 1008.44 
person 2472.81 961.36 2491.73 1021.81 
person 2562.93 961.68 2580.14 997.34 
