person 2507.24 959.12 2516.94 985.04 
person 701.30 972.66 735.34 995.30 
person 614.67 967.41 643.86 1044.60 
person 2534.93 964.12 2554.25 1019.85 
person 2103.12 969.57 2118.25 1007.04 
person 2259.40 964.59 2274.07 1017.83 
person 2712.34 958.46 2736.02 1017.10 
person 2890.20 959.10 2907.05 997.92 
person 953.63 969.42 982.99 1041.66 
person 459.28 962.10 479.71 1040.58 
person 513.78 957.58 542.08 1043.31 
person 2331.09 965.01 2344.79 1008.44 
person 2473.09 961.26 2492.01 1021.72 
person 2564.01 961.68 2581.22 997.34 
