person 2506.52 959.14 2516.78 985.06 
person 704.70 972.87 738.74 995.51 
person 617.75 967.31 646.93 1044.49 
person 2536.37 964.07 2555.69 1019.80 
person 2101.31 969.63 2116.33 1006.76 
person 2259.24 964.59 2274.16 1017.83 
person 2713.24 956.93 2736.91 1015.37 
person 2891.89 958.81 2906.55 998.33 
person 957.98 969.74 987.34 1041.98 
person 460.87 962.63 481.30 1041.11 
person 516.12 957.26 544.41 1042.99 
person 2330.88 965.01 2344.58 1008.44 
person 2473.48 961.16 2492.41 1021.70 
person 2565.83 961.68 2583.04 997.34 
person 2887.51 958.12 2896.38 983.93 
