person 2505.96 959.14 2516.78 985.06 
person 706.40 972.98 740.44 995.62 
person 619.29 967.25 648.47 1044.44 
person 2537.23 964.07 2556.55 1019.80 
person 2100.45 969.69 2115.47 1006.82 
person 2259.16 964.59 2274.21 1017.83 
person 2713.98 955.19 2737.66 1013.63 
person 2891.58 958.62 2906.20 998.33 
person 960.16 969.90 989.52 1042.13 
person 461.66 962.89 482.10 1041.38 
person 517.28 957.10 545.58 1042.83 
person 2330.78 965.01 2344.48 1008.44 
person 2473.59 961.16 2492.52 1021.77 
person 2566.58 961.68 2583.79 997.34 
person 2887.23 958.07 2896.11 983.87 
