person 2505.40 959.14 2516.78 985.06 
person 708.10 973.09 742.14 995.72 
person 620.82 967.20 650.01 1044.39 
person 2538.10 964.07 2557.42 1019.80 
person 2099.58 969.76 2114.60 1006.89 
person 2259.09 964.59 2274.26 1017.83 
person 2714.72 953.46 2738.40 1011.90 
person 2891.27 958.42 2905.85 998.33 
person 962.33 970.05 991.70 1042.29 
person 462.46 963.16 482.89 1041.64 
person 518.45 956.94 546.75 1042.67 
person 2330.68 965.01 2344.38 1008.44 
person 2473.70 961.15 2492.64 1021.85 
person 2567.32 961.68 2584.53 997.34 
person 2886.96 958.01 2895.84 983.81 
