person 2504.74 959.14 2516.12 985.06 
person 709.51 973.16 743.55 995.80 
person 621.68 967.23 650.99 1045.13 
person 2538.97 964.07 2558.28 1019.80 
person 2098.71 969.82 2113.73 1006.95 
person 2259.01 964.59 2274.30 1017.83 
person 2715.18 953.54 2738.74 1012.04 
person 2890.96 958.23 2905.49 998.33 
person 964.31 970.14 993.68 1042.38 
person 463.08 963.19 483.51 1042.48 
person 519.17 957.12 547.61 1043.46 
person 2330.57 965.01 2344.27 1008.44 
person 2473.81 961.14 2492.75 1021.93 
person 2568.23 961.68 2585.44 997.34 
person 2886.69 957.95 2895.56 983.76 
