person 2502.76 959.14 2514.14 985.06 
person 713.74 973.38 747.78 996.01 
person 624.24 967.33 653.91 1047.37 
person 2541.57 964.07 2560.88 1019.80 
person 2096.11 970.00 2111.13 1007.13 
person 2258.77 964.59 2274.45 1017.83 
person 2716.55 953.79 2739.77 1012.48 
person 2890.03 957.66 2904.44 998.33 
person 970.26 970.39 999.62 1042.62 
person 464.95 963.28 485.38 1045.00 
person 521.31 957.64 550.22 1045.83 
person 2330.26 965.01 2343.96 1008.44 
person 2474.13 961.12 2493.10 1022.16 
person 2570.95 961.68 2588.16 997.34 
person 2885.87 957.77 2894.74 983.58 
