person 2502.10 959.14 2513.48 985.06 
person 715.15 973.45 749.19 996.09 
person 625.09 967.36 654.89 1048.12 
person 2542.43 964.07 2561.74 1019.80 
person 2095.25 970.07 2110.27 1007.20 
person 2258.69 964.59 2274.50 1017.83 
person 2717.01 953.88 2740.11 1012.63 
person 2889.72 957.47 2904.09 998.33 
person 972.24 970.47 1001.60 1042.71 
person 465.57 963.32 486.00 1045.84 
person 522.03 957.82 551.09 1046.61 
person 2330.16 965.01 2343.86 1008.44 
person 2474.24 961.12 2493.21 1022.24 
person 2571.86 961.68 2589.07 997.34 
person 2885.59 957.71 2894.47 983.52 
