person 626.50 970.46 644.01 987.98 
person 544.26 965.98 573.45 1043.16 
person 2509.42 967.06 2528.74 1022.79 
person 2122.23 968.42 2131.42 1009.34 
person 2284.16 965.74 2299.57 1018.98 
person 2718.90 959.22 2736.74 1017.05 
person 2883.05 955.79 2897.10 1000.38 
person 853.62 967.71 880.80 1036.46 
person 415.12 959.69 438.49 1038.18 
person 467.59 960.73 490.18 1037.60 
person 2338.76 965.01 2349.43 1008.44 
person 2438.15 961.12 2459.92 1024.04 
person 2501.43 961.77 2514.04 1000.69 
person 2891.63 956.09 2900.51 981.90 
