person 2499.46 959.14 2510.84 985.06 
person 720.79 973.74 754.83 996.38 
person 628.50 967.48 658.78 1051.10 
person 2545.90 964.07 2565.20 1019.80 
person 2091.78 970.31 2106.80 1007.44 
person 2258.38 964.59 2274.69 1017.83 
person 2718.84 954.21 2741.48 1013.21 
person 2888.48 956.70 2902.68 998.33 
person 980.16 970.80 1009.53 1043.04 
person 468.06 963.44 488.49 1049.20 
person 524.89 958.53 554.57 1049.77 
person 2329.74 965.01 2343.44 1008.44 
person 2474.68 961.09 2493.67 1022.54 
person 2575.49 961.68 2592.70 997.34 
person 2882.59 957.71 2891.97 983.52 
