person 2498.21 958.73 2509.92 985.20 
person 726.43 974.03 760.47 996.67 
person 631.92 967.61 662.68 1054.09 
person 2551.05 963.48 2570.35 1019.20 
person 2088.81 969.92 2103.83 1007.05 
person 2258.06 964.59 2274.88 1017.83 
person 2720.67 954.54 2742.85 1013.80 
person 2887.02 956.92 2901.52 998.14 
person 988.26 971.79 1017.62 1044.03 
person 470.55 963.56 490.98 1052.56 
person 527.75 959.23 558.04 1052.92 
person 2329.15 964.76 2342.85 1008.19 
person 2475.11 961.07 2494.13 1022.85 
person 2578.47 961.68 2595.67 997.34 
person 2880.60 957.71 2891.97 983.52 
