person 626.67 970.46 644.19 987.98 
person 544.64 966.03 573.83 1043.22 
person 2509.23 967.06 2528.54 1022.79 
person 2121.93 968.42 2131.13 1009.34 
person 2283.81 965.74 2299.22 1018.98 
person 2718.76 959.27 2736.60 1017.10 
person 2882.93 955.79 2896.98 1000.38 
person 854.21 967.59 881.38 1036.34 
person 414.85 959.69 438.46 1038.17 
person 467.91 960.73 490.48 1037.60 
person 2337.83 964.90 2348.50 1008.32 
person 2437.63 961.12 2459.40 1024.04 
person 2501.51 961.77 2514.13 1000.69 
person 2891.22 956.00 2900.10 981.80 
