person 2497.28 958.42 2509.23 985.31 
person 730.66 974.25 764.70 996.88 
person 634.47 967.70 665.61 1056.33 
person 2554.92 963.03 2574.22 1018.76 
person 2086.58 969.62 2101.60 1006.75 
person 2257.83 964.59 2275.02 1017.83 
person 2722.04 954.79 2743.88 1014.23 
person 2885.93 956.66 2900.34 997.99 
person 994.33 972.54 1023.69 1044.78 
person 472.42 963.66 492.85 1055.08 
person 529.90 959.76 560.65 1055.29 
person 2328.70 964.58 2342.40 1008.00 
person 2475.44 961.05 2494.48 1023.08 
person 2580.69 961.68 2597.90 997.34 
person 2879.30 957.71 2891.97 983.52 
