person 2496.35 958.11 2508.55 985.42 
person 734.89 974.47 768.93 997.10 
person 637.03 967.79 668.53 1058.57 
person 2558.78 962.58 2578.08 1018.31 
person 2084.35 969.32 2099.37 1006.45 
person 2257.59 964.59 2275.16 1017.83 
person 2723.41 955.04 2744.90 1014.67 
person 2884.83 956.39 2899.17 997.84 
person 1000.40 973.29 1029.77 1045.53 
person 474.28 963.75 494.71 1057.60 
person 532.04 960.29 563.26 1057.66 
person 2328.25 964.39 2341.95 1007.82 
person 2475.77 961.03 2494.82 1023.31 
person 2582.92 961.68 2600.13 997.34 
person 2878.50 957.71 2891.97 983.52 
