person 2495.73 957.90 2508.09 985.49 
person 737.71 974.61 771.75 997.25 
person 638.74 967.85 670.48 1060.06 
person 2561.36 962.29 2580.66 1018.01 
person 2082.86 969.13 2097.88 1006.26 
person 2257.43 964.59 2275.26 1017.83 
person 2724.33 955.20 2745.59 1014.96 
person 2884.10 956.22 2898.38 997.74 
person 1004.45 973.78 1033.81 1046.02 
person 475.53 963.81 495.96 1059.28 
person 533.47 960.64 564.99 1059.23 
person 2327.95 964.27 2341.65 1007.69 
person 2475.98 961.02 2495.05 1023.47 
person 2584.41 961.68 2601.62 997.34 
