person 2495.41 957.80 2507.86 985.53 
person 739.12 974.68 773.16 997.32 
person 639.59 967.89 671.45 1060.81 
person 2562.64 962.14 2581.94 1017.86 
person 2082.12 969.03 2097.14 1006.16 
person 2257.36 964.59 2275.30 1017.83 
person 2724.79 955.29 2745.93 1015.11 
person 2883.74 956.13 2897.99 997.69 
person 1006.47 974.03 1035.84 1046.27 
person 476.15 963.84 496.58 1060.12 
person 534.19 960.82 565.86 1060.02 
person 2327.80 964.20 2341.50 1007.63 
person 2476.09 961.01 2495.17 1023.54 
person 2585.15 961.68 2602.36 997.34 
