person 2495.10 957.69 2507.63 985.56 
person 740.53 974.76 774.57 997.39 
person 640.45 967.92 672.43 1061.55 
person 2563.93 961.99 2583.23 1017.71 
person 2081.38 968.93 2096.40 1006.06 
person 2257.28 964.59 2275.35 1017.83 
person 2725.24 955.37 2746.27 1015.25 
person 2883.37 956.04 2897.60 997.64 
person 1008.50 974.28 1037.86 1046.52 
person 476.77 963.88 497.20 1060.96 
person 534.91 960.99 566.73 1060.81 
person 2327.65 964.14 2341.35 1007.57 
person 2476.20 961.01 2495.28 1023.62 
person 2585.90 961.68 2603.10 997.34 
