person 2494.20 957.59 2506.80 985.60 
person 743.19 974.83 777.24 997.47 
person 644.47 968.54 676.57 1062.89 
person 2566.88 961.91 2585.38 1017.63 
person 2077.77 969.40 2092.79 1006.53 
person 2256.60 964.59 2274.80 1017.83 
person 2726.50 955.45 2748.08 1015.40 
person 2881.22 956.15 2896.01 997.79 
person 1014.29 974.73 1043.65 1046.97 
person 477.35 963.51 500.40 1061.40 
person 536.50 961.17 569.11 1061.60 
person 2327.21 963.96 2340.91 1007.38 
person 2475.62 961.00 2495.40 1023.84 
person 2587.30 961.68 2604.04 997.34 
