person 2493.60 957.59 2506.20 985.60 
person 744.45 974.83 778.49 997.47 
person 647.64 969.14 679.74 1063.49 
person 2568.54 961.97 2586.24 1017.70 
person 2074.90 969.97 2089.92 1007.10 
person 2256.00 964.59 2274.21 1017.83 
person 2727.29 955.45 2749.54 1015.40 
person 2879.43 956.35 2894.80 997.99 
person 1018.05 974.93 1047.41 1047.17 
person 477.31 963.11 502.97 1061.01 
person 537.38 961.17 570.61 1061.60 
person 2326.91 963.83 2340.61 1007.26 
person 2474.94 961.00 2495.40 1023.98 
person 2587.97 961.68 2604.23 997.34 
