person 2493.30 957.59 2505.90 985.60 
person 745.08 974.83 779.12 997.47 
person 649.22 969.43 681.33 1063.79 
person 2569.38 962.01 2586.68 1017.73 
person 2073.47 970.26 2088.49 1007.39 
person 2255.71 964.59 2273.91 1017.83 
person 2727.69 955.45 2750.27 1015.40 
person 2878.53 956.45 2894.20 998.09 
person 1019.93 975.03 1049.30 1047.27 
person 477.29 962.92 504.26 1060.81 
person 537.82 961.17 571.36 1061.60 
person 2326.76 963.77 2340.46 1007.19 
person 2474.59 961.00 2495.40 1024.05 
person 2588.30 961.68 2604.32 997.34 
