person 2492.70 957.59 2505.30 985.60 
person 746.34 974.83 780.38 997.47 
person 652.39 970.03 684.50 1064.38 
person 2571.04 962.07 2587.54 1017.80 
person 2070.60 970.83 2085.62 1007.96 
person 2255.11 964.59 2273.31 1017.83 
person 2728.49 955.45 2751.74 1015.40 
person 2876.74 956.65 2893.00 998.28 
person 1023.70 975.23 1053.06 1047.46 
person 477.24 962.52 506.83 1060.41 
person 538.71 961.17 572.87 1061.60 
person 2326.46 963.64 2340.16 1007.07 
person 2473.91 961.00 2495.40 1024.20 
person 2588.96 961.68 2604.51 997.34 
