person 2492.40 957.59 2505.00 985.60 
person 746.97 974.83 781.01 997.47 
person 653.98 970.33 686.08 1064.68 
person 2571.87 962.11 2587.97 1017.83 
person 2069.17 971.12 2084.19 1008.25 
person 2254.81 964.59 2273.01 1017.83 
person 2728.89 955.45 2752.47 1015.40 
person 2875.84 956.75 2892.40 998.38 
person 1025.58 975.32 1054.94 1047.56 
person 477.22 962.32 508.11 1060.21 
person 539.15 961.17 573.62 1061.60 
person 2326.31 963.58 2340.01 1007.01 
person 2473.56 961.00 2495.40 1024.27 
person 2589.29 961.68 2604.61 997.34 
