person 2492.11 957.59 2504.70 985.60 
person 747.60 974.83 781.64 997.47 
person 655.56 970.62 687.67 1064.98 
person 2572.70 962.14 2588.40 1017.86 
person 2067.73 971.41 2082.75 1008.54 
person 2254.51 964.59 2272.71 1017.83 
person 2729.29 955.45 2753.20 1015.40 
person 2874.95 956.85 2891.80 998.48 
person 1027.46 975.42 1056.83 1047.66 
person 477.20 962.12 509.40 1060.02 
person 539.59 961.17 574.38 1061.60 
person 2326.16 963.52 2339.86 1006.94 
person 2473.22 961.00 2495.40 1024.34 
person 2589.62 961.68 2604.70 997.34 
