person 2491.79 957.61 2504.39 985.62 
person 748.23 974.83 782.27 997.47 
person 656.35 970.82 688.56 1065.35 
person 2574.51 961.62 2590.21 1017.35 
person 2067.42 971.41 2082.44 1008.54 
person 2254.87 964.61 2273.12 1018.06 
person 2730.83 955.45 2754.75 1015.40 
person 2874.40 956.85 2891.80 998.49 
person 1029.07 975.42 1058.43 1047.66 
person 477.87 962.12 510.07 1060.02 
person 540.03 961.17 575.13 1061.60 
person 2326.28 963.54 2339.98 1006.97 
person 2472.87 961.00 2495.40 1024.41 
person 2590.55 961.16 2605.63 996.83 
