person 2491.48 957.63 2504.08 985.64 
person 748.86 974.83 782.90 997.47 
person 657.14 971.01 689.45 1065.73 
person 2576.31 961.11 2592.01 1016.83 
person 2067.11 971.41 2082.14 1008.54 
person 2255.24 964.63 2273.52 1018.30 
person 2732.38 955.45 2756.30 1015.40 
person 2873.85 956.85 2891.80 998.49 
person 1030.67 975.42 1060.03 1047.66 
person 478.54 962.12 510.74 1060.02 
person 540.47 961.17 575.88 1061.60 
person 2326.40 963.56 2340.10 1006.99 
person 2472.53 961.00 2495.40 1024.48 
person 2591.48 960.65 2606.56 996.31 
