person 2490.86 957.67 2503.45 985.68 
person 750.12 974.83 784.16 997.47 
person 658.73 971.40 691.24 1066.48 
person 2576.31 961.11 2594.29 1017.26 
person 2066.50 971.41 2081.52 1008.54 
person 2255.96 964.67 2274.33 1018.77 
person 2734.13 953.28 2756.30 1015.40 
person 2872.75 956.85 2891.80 998.50 
person 1033.88 975.42 1063.24 1047.66 
person 479.88 962.12 512.08 1060.02 
person 541.35 961.17 577.39 1061.60 
person 2326.65 963.60 2340.35 1007.03 
person 2471.84 961.00 2495.40 1024.63 
person 2593.34 959.62 2608.41 995.28 
