person 2490.55 957.69 2503.14 985.70 
person 750.75 974.83 784.79 997.47 
person 659.52 971.60 692.13 1066.86 
person 2576.31 961.11 2595.43 1017.47 
person 2066.19 971.41 2081.21 1008.54 
person 2256.33 964.69 2274.74 1019.00 
person 2735.00 952.20 2756.30 1015.40 
person 2872.20 956.85 2891.80 998.50 
person 1035.49 975.42 1064.85 1047.66 
person 480.54 962.12 512.74 1060.02 
person 541.79 961.17 578.14 1061.60 
person 2326.77 963.62 2340.47 1007.05 
person 2471.50 961.00 2495.40 1024.70 
person 2594.27 959.10 2609.34 994.76 
