person 2490.24 957.71 2502.83 985.72 
person 751.38 974.83 785.42 997.47 
person 660.31 971.79 693.02 1067.23 
person 2576.31 961.11 2596.56 1017.69 
person 2065.41 971.15 2080.43 1008.28 
person 2256.69 964.71 2275.14 1019.24 
person 2735.77 952.20 2757.35 1016.15 
person 2871.68 956.59 2891.28 998.24 
person 1037.09 975.42 1066.45 1047.66 
person 481.21 962.12 513.41 1060.02 
person 542.23 961.17 578.89 1061.60 
person 2326.89 963.64 2340.59 1007.07 
person 2471.86 961.05 2495.76 1024.75 
person 2594.78 959.19 2609.86 994.86 
