person 2489.61 957.75 2502.21 985.76 
person 752.63 974.83 786.68 997.47 
person 661.89 972.18 694.81 1067.99 
person 2579.41 961.11 2600.80 1017.90 
person 2064.17 970.92 2079.19 1008.05 
person 2257.42 964.75 2275.95 1019.71 
person 2736.55 952.20 2761.35 1016.90 
person 2870.86 956.33 2890.46 997.98 
person 1040.30 975.42 1069.66 1047.66 
person 482.55 962.12 514.75 1060.02 
person 543.11 961.17 580.40 1061.60 
person 2327.13 963.68 2340.83 1007.11 
person 2472.57 961.14 2496.47 1024.84 
person 2595.81 959.38 2610.88 995.04 
