person 2489.30 957.77 2501.90 985.78 
person 753.74 975.04 787.78 997.68 
person 662.68 972.38 695.70 1068.36 
person 2582.09 961.11 2603.48 1017.90 
person 2063.69 970.94 2078.71 1008.07 
person 2257.78 964.77 2276.36 1019.94 
person 2736.55 952.20 2764.30 1016.90 
person 2870.55 956.33 2890.15 997.98 
person 1041.96 975.26 1071.32 1047.91 
person 482.24 962.12 514.75 1060.75 
person 543.11 961.17 580.56 1062.29 
person 2327.25 963.70 2340.95 1007.13 
person 2472.93 961.19 2496.83 1024.89 
person 2596.32 959.47 2611.40 995.14 
