person 2488.68 957.81 2501.28 985.82 
person 755.94 975.47 789.99 998.11 
person 664.26 972.77 697.49 1069.12 
person 2587.46 961.11 2608.85 1017.90 
person 2062.75 970.99 2077.77 1008.12 
person 2258.51 964.81 2277.17 1020.41 
person 2736.55 952.20 2770.20 1016.90 
person 2869.93 956.33 2889.53 997.98 
person 1045.26 974.94 1074.63 1048.41 
person 481.62 962.12 514.75 1062.21 
person 543.11 961.17 580.88 1063.68 
person 2327.49 963.74 2341.19 1007.17 
person 2473.65 961.28 2497.55 1024.98 
person 2597.35 959.66 2612.42 995.32 
