person 764.77 977.18 798.81 999.81 
person 670.58 974.33 704.63 1072.13 
person 2596.42 961.11 2617.80 1017.90 
person 2058.97 971.19 2073.99 1008.32 
person 2261.41 964.97 2280.41 1022.29 
person 2748.30 950.96 2772.06 1015.66 
person 2863.74 957.57 2879.70 999.22 
person 1058.50 973.66 1087.87 1050.41 
person 479.16 962.12 514.75 1068.05 
person 543.11 961.17 582.14 1069.22 
person 2328.46 963.90 2342.16 1007.33 
person 2476.51 961.65 2500.41 1025.35 
person 2601.45 960.41 2616.53 996.07 
person 2855.29 957.39 2868.42 993.16 
