person 765.87 977.39 799.91 1000.03 
person 671.37 974.53 705.52 1072.50 
person 2597.54 961.11 2618.92 1017.90 
person 2058.49 971.22 2073.51 1008.35 
person 2261.78 964.99 2280.81 1022.52 
person 2748.98 951.28 2772.73 1015.98 
person 2862.34 957.82 2878.76 999.34 
person 1060.16 973.50 1089.52 1050.66 
person 478.85 962.12 514.75 1068.78 
person 543.11 961.17 582.30 1069.92 
person 2328.58 963.92 2342.28 1007.35 
person 2476.87 961.70 2500.77 1025.40 
person 2601.97 960.50 2617.04 996.16 
person 2852.98 957.35 2866.47 993.66 
