person 2485.72 957.93 2498.32 985.94 
person 776.90 979.53 810.94 1002.16 
person 679.27 976.48 714.44 1076.27 
person 2620.83 961.11 2642.22 1017.90 
person 2053.76 971.47 2068.78 1008.60 
person 2265.41 965.20 2284.86 1024.87 
person 2755.75 954.46 2779.51 1019.16 
person 2848.38 960.31 2869.37 1000.49 
person 1076.70 971.90 1106.07 1053.15 
person 475.76 962.12 514.75 1076.09 
person 543.11 961.17 583.89 1076.85 
person 2329.79 964.12 2343.49 1007.55 
person 2480.44 962.17 2504.34 1025.87 
person 2829.93 956.93 2846.96 998.68 
