person 2485.78 957.92 2498.38 985.93 
person 778.01 979.74 812.05 1002.38 
person 680.06 976.67 715.34 1076.64 
person 2623.29 961.11 2644.68 1017.90 
person 2053.29 971.49 2068.31 1008.62 
person 2265.77 965.22 2285.27 1025.10 
person 2756.43 954.78 2780.19 1019.48 
person 2846.98 960.55 2868.43 1000.61 
person 1078.36 971.74 1107.72 1053.40 
person 475.45 962.12 514.75 1076.82 
person 543.11 961.17 584.05 1077.54 
person 2329.91 964.14 2343.61 1007.57 
person 2480.80 962.21 2504.70 1025.91 
person 2617.16 961.34 2632.24 997.00 
person 2827.63 956.89 2845.01 999.19 
