person 2485.90 957.89 2498.49 985.90 
person 780.21 980.17 814.25 1002.80 
person 681.64 977.06 717.12 1077.39 
person 2630.26 961.11 2651.65 1017.90 
person 2052.35 971.54 2067.37 1008.67 
person 2266.50 965.26 2286.08 1025.57 
person 2757.78 955.41 2781.54 1020.11 
person 2844.19 961.05 2866.56 1000.84 
person 1081.67 971.42 1111.03 1053.90 
person 474.83 962.12 514.75 1078.28 
person 543.11 961.17 584.37 1078.93 
person 2330.16 964.18 2343.86 1007.61 
person 2481.52 962.31 2505.42 1026.01 
person 2619.48 961.67 2634.56 997.33 
person 2823.02 956.81 2841.10 1000.19 
