person 2485.96 957.88 2498.55 985.89 
person 781.32 980.38 815.36 1003.02 
person 682.43 977.26 718.01 1077.77 
person 2633.74 961.11 2655.13 1017.90 
person 2051.87 971.57 2066.89 1008.70 
person 2266.86 965.28 2286.48 1025.81 
person 2758.46 955.73 2782.22 1020.43 
person 2842.79 961.30 2865.62 1000.95 
person 1083.32 971.26 1112.69 1054.15 
person 474.53 962.12 514.75 1079.01 
person 543.11 961.17 584.52 1079.62 
person 2330.28 964.21 2343.98 1007.63 
person 2481.87 962.35 2505.77 1026.05 
person 2620.65 961.84 2635.72 997.50 
person 2820.71 956.77 2839.15 1000.69 
