person 2486.02 957.86 2498.61 985.87 
person 782.42 980.59 816.46 1003.23 
person 683.22 977.46 718.91 1078.15 
person 2637.23 961.11 2658.61 1017.90 
person 2051.40 971.59 2066.42 1008.72 
person 2267.22 965.30 2286.89 1026.04 
person 2759.14 956.05 2782.90 1020.75 
person 2841.40 961.55 2864.68 1001.07 
person 1084.98 971.10 1114.34 1054.40 
person 474.22 962.12 514.75 1079.74 
person 543.11 961.17 584.68 1080.31 
person 2330.40 964.23 2344.10 1007.65 
person 2482.23 962.40 2506.13 1026.10 
person 2621.81 962.00 2636.88 997.67 
person 2818.41 956.73 2837.20 1001.20 
