person 2486.08 957.85 2498.67 985.86 
person 783.52 980.81 817.56 1003.45 
person 684.01 977.65 719.80 1078.52 
person 2640.71 961.11 2662.10 1017.90 
person 2050.93 971.62 2065.95 1008.75 
person 2267.59 965.32 2287.29 1026.28 
person 2759.82 956.37 2783.57 1021.07 
person 2840.00 961.80 2863.74 1001.18 
person 1086.63 970.94 1116.00 1054.65 
person 473.91 962.12 514.75 1080.47 
person 543.11 961.17 584.84 1081.01 
person 2330.52 964.25 2344.22 1007.67 
person 2482.59 962.45 2506.49 1026.15 
person 2622.97 962.17 2638.04 997.83 
person 2816.10 956.68 2835.25 1001.70 
