person 2486.13 957.84 2498.73 985.85 
person 784.62 981.02 818.67 1003.66 
person 684.80 977.85 720.69 1078.90 
person 2644.19 961.11 2665.58 1017.90 
person 2050.46 971.64 2065.48 1008.77 
person 2267.95 965.34 2287.70 1026.51 
person 2760.49 956.68 2784.25 1021.38 
person 2838.60 962.05 2862.80 1001.30 
person 1088.29 970.78 1117.65 1054.90 
person 473.60 962.12 514.75 1081.20 
person 543.11 961.17 585.00 1081.70 
person 2330.64 964.27 2344.34 1007.69 
person 2482.95 962.49 2506.85 1026.19 
person 2624.13 962.33 2639.20 998.00 
person 2813.80 956.64 2833.30 1002.20 
