person 2486.24 957.85 2498.32 985.06 
person 784.62 980.59 819.19 1004.75 
person 683.42 977.58 719.66 1079.50 
person 2648.53 961.73 2669.91 1018.52 
person 2050.18 971.43 2065.20 1008.56 
person 2269.24 965.21 2288.99 1026.38 
person 2759.88 956.06 2783.63 1020.77 
person 2838.60 962.05 2860.30 1001.30 
person 1088.81 970.78 1118.18 1054.90 
person 472.31 962.60 513.46 1081.68 
person 541.86 961.21 583.75 1082.06 
person 2331.40 964.10 2345.10 1007.53 
person 2483.46 962.53 2507.36 1026.23 
person 2626.61 962.64 2641.68 998.31 
person 2811.12 957.26 2831.60 1002.83 
