person 2486.34 957.85 2497.92 984.27 
person 784.62 980.16 819.72 1005.85 
person 682.04 977.30 718.64 1080.09 
person 2652.86 962.35 2674.25 1019.14 
person 2049.90 971.23 2064.93 1008.36 
person 2270.53 965.07 2290.28 1026.25 
person 2759.26 955.45 2783.01 1020.15 
person 2838.60 962.05 2857.80 1001.30 
person 1089.33 970.78 1118.70 1054.90 
person 471.03 963.08 512.18 1082.15 
person 540.61 961.24 582.50 1082.42 
person 2332.16 963.93 2345.86 1007.36 
person 2483.98 962.56 2507.88 1026.26 
person 2629.08 962.95 2644.16 998.62 
person 2808.45 957.88 2829.90 1003.45 
