person 2486.44 957.86 2497.51 983.47 
person 784.62 979.72 820.24 1006.95 
person 680.66 977.03 717.61 1080.69 
person 2655.34 962.66 2676.73 1019.45 
person 2049.63 971.02 2064.65 1008.15 
person 2271.82 964.94 2291.57 1026.11 
person 2758.75 955.90 2782.11 1019.75 
person 2836.44 962.05 2855.63 1001.30 
person 1089.86 970.78 1119.22 1054.90 
person 469.74 963.55 510.89 1082.63 
person 539.36 961.28 581.25 1082.79 
person 2332.92 963.77 2346.62 1007.19 
person 2484.50 962.60 2508.40 1026.30 
person 2630.01 962.95 2645.09 998.62 
person 2805.78 958.50 2828.19 1004.08 
