person 2486.54 957.87 2497.11 982.68 
person 784.62 979.29 820.77 1008.04 
person 679.27 976.76 716.58 1081.29 
person 2657.82 962.96 2679.20 1019.76 
person 2049.35 970.82 2064.37 1007.94 
person 2273.11 964.81 2292.86 1025.98 
person 2758.25 956.35 2781.21 1019.36 
person 2834.27 962.05 2853.46 1001.30 
person 1090.38 970.78 1119.75 1054.90 
person 468.46 964.03 509.61 1083.11 
person 538.11 961.32 580.00 1083.15 
person 2333.68 963.60 2347.38 1007.03 
person 2485.01 962.63 2508.91 1026.33 
person 2630.94 962.95 2646.01 998.62 
person 2803.10 959.12 2826.49 1004.70 
