person 2486.65 957.88 2496.70 981.89 
person 784.62 978.86 821.29 1009.14 
person 677.89 976.49 715.55 1081.88 
person 2661.32 963.24 2682.71 1020.03 
person 2049.08 970.61 2064.10 1007.74 
person 2274.40 964.68 2294.15 1025.85 
person 2757.74 956.80 2780.31 1018.96 
person 2832.34 962.05 2851.45 1001.30 
person 1090.91 970.78 1120.27 1054.90 
person 467.17 964.50 508.32 1083.58 
person 536.86 961.35 578.75 1083.51 
person 2334.44 963.44 2348.14 1006.86 
person 2485.53 962.67 2509.43 1026.37 
person 2632.52 962.75 2647.60 998.41 
person 2802.07 959.12 2825.02 1004.27 
