person 2486.75 957.89 2496.30 981.10 
person 784.62 978.43 821.82 1010.23 
person 676.51 976.22 714.52 1082.48 
person 2664.83 963.52 2686.22 1020.31 
person 2048.80 970.40 2063.82 1007.53 
person 2275.69 964.54 2295.44 1025.72 
person 2757.24 957.25 2779.41 1018.57 
person 2830.41 962.05 2849.43 1001.30 
person 1091.43 970.78 1120.79 1054.90 
person 465.88 964.98 507.04 1084.06 
person 535.61 961.39 577.50 1083.88 
person 2335.21 963.27 2348.90 1006.70 
person 2486.04 962.70 2509.94 1026.40 
person 2634.10 962.54 2649.18 998.20 
person 2801.04 959.12 2823.56 1003.83 
