person 2486.64 957.90 2496.30 981.29 
person 784.62 977.99 822.35 1011.33 
person 675.13 975.95 713.50 1083.08 
person 2668.34 963.79 2689.73 1020.58 
person 2048.53 970.20 2063.55 1007.33 
person 2276.98 964.41 2296.73 1025.58 
person 2756.73 957.70 2778.51 1018.17 
person 2828.48 962.05 2847.41 1001.30 
person 1091.95 970.78 1121.32 1054.90 
person 464.60 965.46 505.75 1084.53 
person 534.36 961.43 576.25 1084.24 
person 2335.97 963.11 2349.67 1006.53 
person 2486.56 962.73 2510.46 1026.43 
person 2635.69 962.33 2650.76 998.00 
person 2800.00 959.12 2822.09 1003.40 
