person 2486.41 957.92 2496.31 981.68 
person 784.62 977.13 823.40 1013.52 
person 672.37 975.41 711.44 1084.27 
person 2675.36 964.34 2696.75 1021.13 
person 2047.98 969.78 2063.00 1006.91 
person 2279.56 964.15 2299.31 1025.32 
person 2755.72 958.60 2776.71 1017.38 
person 2824.62 962.05 2843.37 1001.30 
person 1093.00 970.78 1122.37 1054.90 
person 462.03 966.41 503.18 1085.49 
person 531.86 961.50 573.75 1084.96 
person 2337.49 962.78 2351.19 1006.20 
person 2487.59 962.80 2511.49 1026.50 
person 2638.85 961.92 2653.93 997.59 
person 2797.94 959.12 2819.16 1002.53 
