person 2486.07 957.95 2496.32 982.26 
person 784.62 975.83 824.97 1016.80 
person 668.23 974.60 708.36 1086.06 
person 2685.88 965.17 2707.27 1021.96 
person 2047.15 969.16 2062.17 1006.29 
person 2283.43 963.75 2303.18 1024.92 
person 2754.21 959.95 2774.01 1016.20 
person 2818.83 962.05 2837.32 1001.30 
person 1094.57 970.78 1123.94 1054.90 
person 458.17 967.84 499.32 1086.92 
person 528.11 961.62 570.00 1086.05 
person 2339.77 962.28 2353.47 1005.71 
person 2489.14 962.91 2513.04 1026.61 
person 2643.60 961.30 2658.67 996.97 
person 2794.84 959.12 2814.77 1001.23 
