person 2485.84 957.97 2496.33 982.65 
person 783.09 975.40 823.97 1017.90 
person 665.46 974.06 706.30 1087.26 
person 2692.36 965.07 2715.98 1021.87 
person 2046.60 968.75 2061.62 1005.88 
person 2284.40 963.71 2305.18 1024.70 
person 2753.70 960.40 2773.11 1015.80 
person 2813.80 961.18 2832.58 1002.04 
person 1094.42 970.70 1123.74 1055.12 
person 455.09 968.17 496.24 1087.25 
person 525.61 961.69 567.49 1086.78 
person 2341.10 962.12 2354.80 1005.54 
person 2490.17 962.98 2514.07 1026.68 
person 2645.88 961.44 2661.49 997.63 
person 2790.96 959.37 2810.82 1001.30 
