person 2485.73 957.98 2496.33 982.85 
person 781.56 975.40 822.44 1017.90 
person 664.08 973.79 705.27 1087.85 
person 2695.34 964.70 2721.19 1021.50 
person 2046.33 968.54 2061.35 1005.67 
person 2284.09 963.81 2305.88 1024.61 
person 2753.70 960.40 2773.11 1015.80 
person 2810.71 960.31 2829.86 1002.78 
person 1093.74 970.63 1123.02 1055.34 
person 453.30 968.03 494.45 1087.11 
person 524.36 961.73 566.24 1087.14 
person 2341.67 962.12 2355.37 1005.54 
person 2490.69 963.01 2514.59 1026.71 
person 2646.59 961.78 2662.73 998.49 
person 2788.12 959.61 2808.34 1001.80 
