person 2485.62 957.99 2496.34 983.04 
person 780.03 975.40 820.91 1017.90 
person 662.70 973.52 704.25 1088.45 
person 2698.31 964.33 2726.39 1021.13 
person 2046.05 968.34 2061.07 1005.47 
person 2283.77 963.90 2306.59 1024.52 
person 2753.70 960.40 2773.11 1015.80 
person 2807.61 959.45 2827.14 1003.52 
person 1093.06 970.55 1122.30 1055.57 
person 451.51 967.89 492.66 1086.97 
person 523.11 961.77 564.99 1087.50 
person 2342.25 962.12 2355.94 1005.54 
person 2491.20 963.04 2515.10 1026.74 
person 2647.29 962.12 2663.97 999.36 
person 2785.27 959.86 2805.86 1002.30 
