person 2485.50 957.99 2496.34 983.23 
person 778.50 975.40 819.38 1017.90 
person 661.32 973.25 703.22 1089.05 
person 2701.28 963.96 2731.60 1020.77 
person 2045.78 968.13 2060.80 1005.26 
person 2283.45 963.99 2307.30 1024.44 
person 2753.70 960.40 2773.11 1015.80 
person 2804.52 958.58 2824.42 1004.26 
person 1092.38 970.47 1121.58 1055.79 
person 449.72 967.75 490.87 1086.83 
person 521.86 961.80 563.74 1087.86 
person 2342.82 962.12 2356.52 1005.54 
person 2491.72 963.08 2515.62 1026.78 
person 2648.00 962.46 2665.21 1000.23 
person 2782.42 960.11 2803.38 1002.80 
