person 2485.39 958.00 2496.34 983.43 
person 776.97 975.40 817.85 1017.90 
person 659.94 972.98 702.19 1089.64 
person 2704.25 963.58 2736.80 1020.40 
person 2045.50 967.93 2060.52 1005.06 
person 2283.14 964.09 2308.00 1024.35 
person 2753.70 960.40 2773.11 1015.80 
person 2801.42 957.71 2821.70 1005.00 
person 1091.70 970.40 1120.86 1056.01 
person 447.92 967.61 489.08 1086.68 
person 520.60 961.84 562.49 1088.22 
person 2343.39 962.12 2357.09 1005.54 
person 2492.23 963.11 2516.13 1026.81 
person 2648.70 962.80 2666.45 1001.09 
person 2779.57 960.36 2800.90 1003.30 
