person 2485.96 958.02 2497.15 983.82 
person 773.91 975.40 814.78 1017.90 
person 657.18 972.43 700.13 1090.84 
person 2712.46 962.66 2741.12 1019.90 
person 2045.76 967.54 2060.78 1005.18 
person 2282.50 964.28 2309.42 1024.17 
person 2753.70 960.40 2773.11 1015.80 
person 2797.24 958.02 2818.14 1006.85 
person 1090.34 970.25 1119.42 1056.45 
person 444.34 967.32 485.49 1086.40 
person 518.10 961.92 559.99 1088.95 
person 2344.53 962.12 2358.23 1005.54 
person 2494.56 963.11 2518.46 1026.81 
person 2651.95 962.64 2669.70 1000.94 
person 2775.86 960.20 2797.19 1003.15 
