person 2486.25 958.03 2497.56 984.01 
person 772.38 975.40 813.25 1017.90 
person 655.79 972.16 699.11 1091.43 
person 2716.57 962.19 2743.28 1019.65 
person 2045.89 967.34 2060.91 1005.25 
person 2282.19 964.37 2310.12 1024.08 
person 2753.70 960.40 2773.11 1015.80 
person 2795.15 958.18 2816.35 1007.78 
person 1089.66 970.17 1118.70 1056.68 
person 442.55 967.18 483.70 1086.26 
person 516.85 961.95 558.74 1089.31 
person 2345.10 962.12 2358.80 1005.54 
person 2495.72 963.11 2519.62 1026.81 
person 2653.58 962.57 2671.32 1000.86 
person 2774.00 960.13 2795.33 1003.07 
