person 2486.83 958.05 2498.37 984.40 
person 769.32 975.40 810.19 1017.90 
person 653.03 971.62 697.05 1092.63 
person 2724.78 961.26 2747.60 1019.15 
person 2046.14 966.95 2061.16 1005.38 
person 2281.55 964.56 2311.54 1023.90 
person 2753.70 960.40 2773.11 1015.80 
person 2790.97 958.48 2812.79 1009.64 
person 1088.29 970.02 1117.25 1057.12 
person 438.97 966.90 480.12 1085.98 
person 514.35 962.03 556.24 1090.04 
person 2346.25 962.12 2359.95 1005.54 
person 2498.04 963.11 2521.94 1026.81 
person 2656.83 962.41 2674.57 1000.71 
person 2770.29 959.97 2791.61 1002.91 
