person 2487.12 958.06 2498.77 984.59 
person 767.79 975.40 808.66 1017.90 
person 651.65 971.35 696.02 1093.22 
person 2728.89 960.80 2751.85 1018.90 
person 2046.27 966.76 2061.29 1005.44 
person 2281.23 964.65 2312.25 1023.81 
person 2753.70 960.40 2773.11 1015.80 
person 2788.88 958.64 2811.01 1010.56 
person 1087.61 969.94 1116.53 1057.34 
person 437.17 966.76 478.33 1085.84 
person 513.10 962.06 554.99 1090.40 
person 2346.82 962.12 2360.52 1005.54 
person 2499.20 963.11 2523.10 1026.81 
person 2658.45 962.33 2676.20 1000.63 
person 2768.43 959.89 2789.76 1002.84 
