person 2487.98 958.09 2499.99 985.17 
person 763.19 975.40 804.07 1017.90 
person 647.51 970.54 692.94 1095.02 
person 2739.90 959.87 2760.34 1018.40 
person 2046.65 966.17 2061.67 1005.63 
person 2280.28 964.93 2314.37 1023.55 
person 2786.95 958.95 2807.44 1012.42 
person 1085.57 969.71 1114.37 1058.01 
person 431.80 966.33 472.95 1085.41 
person 509.35 962.18 551.24 1091.49 
person 2350.35 962.12 2364.05 1005.54 
person 2502.32 963.16 2526.22 1026.86 
person 2663.35 962.13 2681.09 1000.42 
person 2764.71 959.74 2785.12 1002.68 
