person 2491.37 958.35 2503.96 986.36 
person 747.89 975.40 788.76 1017.90 
person 625.01 968.68 672.21 1097.50 
person 2784.11 959.28 2804.37 1018.46 
person 2047.29 965.20 2061.46 1007.32 
person 2271.31 965.40 2305.08 1023.10 
person 2743.04 954.27 2762.45 1009.23 
person 2786.40 958.95 2804.64 1012.42 
person 1078.77 968.95 1107.17 1060.22 
person 408.77 965.34 449.92 1084.42 
person 488.45 961.93 530.33 1092.87 
person 2370.03 962.24 2383.73 1005.66 
person 2505.21 963.41 2535.38 1027.11 
person 2675.29 960.16 2693.03 1002.00 
person 2766.80 958.63 2784.18 1006.09 
