person 2491.76 958.39 2504.35 986.40 
person 746.36 975.40 787.23 1017.90 
person 621.89 968.58 669.09 1097.39 
person 2786.93 959.59 2808.50 1019.10 
person 2047.29 965.20 2061.29 1007.59 
person 2269.84 965.40 2302.52 1023.10 
person 2742.34 953.70 2761.75 1009.47 
person 1078.09 968.87 1106.44 1060.45 
person 405.95 965.28 447.10 1084.36 
person 485.52 961.84 527.40 1092.78 
person 2371.58 962.26 2385.28 1005.69 
person 2504.99 963.41 2536.42 1027.11 
person 2676.04 959.82 2693.77 1002.37 
person 2766.80 958.41 2784.18 1005.87 
