person 2492.15 958.44 2504.74 986.45 
person 744.83 975.40 785.70 1017.90 
person 618.77 968.48 665.97 1097.29 
person 2787.96 959.68 2809.53 1019.19 
person 2047.29 965.20 2061.12 1007.86 
person 2268.36 965.40 2299.95 1023.10 
person 2741.64 953.13 2761.05 1009.72 
person 1077.41 968.80 1105.72 1060.67 
person 403.13 965.22 444.29 1084.30 
person 482.58 961.76 524.47 1092.69 
person 2373.13 962.29 2386.83 1005.71 
person 2504.77 963.41 2537.45 1027.11 
person 2676.78 959.48 2694.52 1002.74 
person 2766.80 958.19 2784.18 1005.65 
