person 2492.54 958.48 2505.13 986.49 
person 743.29 975.40 784.17 1017.90 
person 615.65 968.38 662.85 1097.19 
person 2788.99 959.78 2810.56 1019.29 
person 2047.29 965.20 2060.95 1008.14 
person 2266.88 965.40 2297.39 1023.10 
person 2740.94 952.56 2760.35 1009.96 
person 1076.73 968.72 1105.00 1060.89 
person 400.32 965.17 441.47 1084.24 
person 479.65 961.67 521.54 1092.61 
person 2374.68 962.31 2388.38 1005.74 
person 2504.55 963.41 2538.49 1027.11 
person 2677.53 959.13 2695.26 1003.10 
person 2766.80 957.97 2784.18 1005.42 
