person 2494.48 958.70 2507.08 986.71 
person 735.64 975.40 776.52 1017.90 
person 600.06 967.88 647.26 1096.69 
person 2808.78 959.21 2831.20 1018.73 
person 2047.29 965.20 2060.10 1009.50 
person 2257.94 968.03 2285.19 1025.73 
person 2739.25 951.03 2759.09 1011.18 
person 2785.15 951.60 2801.90 1008.85 
person 1073.33 968.34 1101.40 1062.00 
person 386.24 964.88 427.39 1083.96 
person 465.00 961.24 506.89 1092.17 
person 2384.76 965.01 2398.46 1008.44 
person 2498.46 964.54 2535.20 1028.20 
person 2685.02 959.98 2702.75 1006.08 
person 2768.30 954.67 2787.00 1012.10 
