person 2494.18 958.05 2506.77 986.06 
person 733.05 975.01 773.92 1017.51 
person 597.47 968.39 644.67 1097.21 
person 2811.27 958.78 2833.69 1018.29 
person 2046.98 965.21 2060.44 1009.70 
person 2257.19 966.08 2284.44 1023.78 
person 2739.45 951.11 2759.52 1011.41 
person 2785.91 951.96 2802.66 1009.21 
person 1071.71 968.60 1099.78 1062.26 
person 383.39 965.07 424.54 1084.15 
person 462.28 960.39 504.16 1091.33 
person 2385.51 964.57 2399.54 1008.44 
person 2495.54 964.54 2536.07 1028.20 
person 2685.83 958.72 2703.57 1004.82 
person 2770.68 954.67 2789.37 1012.10 
