person 2493.27 956.11 2505.86 984.12 
person 725.26 973.84 766.14 1016.34 
person 589.68 969.95 636.88 1098.76 
person 2819.12 958.46 2841.54 1017.97 
person 2046.04 965.24 2061.47 1010.30 
person 2253.73 962.58 2283.18 1020.66 
person 2740.06 951.36 2760.78 1012.12 
person 2788.20 953.04 2804.94 1010.29 
person 1066.84 969.38 1094.91 1063.04 
person 374.83 965.66 415.98 1084.73 
person 454.10 957.86 495.99 1088.80 
person 2388.71 963.79 2403.42 1008.53 
person 2489.70 964.54 2536.03 1028.20 
person 2687.82 956.83 2705.55 1002.93 
person 2776.88 954.67 2795.57 1012.10 
