person 2494.36 956.42 2506.77 983.65 
person 722.67 973.46 763.54 1015.96 
person 587.09 970.47 634.29 1099.28 
person 2822.01 959.00 2844.42 1018.51 
person 2045.73 965.26 2061.81 1010.50 
person 2251.78 962.97 2283.44 1021.43 
person 2740.26 951.45 2761.20 1012.36 
person 2788.96 953.40 2805.70 1010.65 
person 1065.22 969.64 1093.29 1063.30 
person 371.97 965.85 413.12 1084.93 
person 451.38 957.02 493.27 1087.96 
person 2390.42 963.88 2405.13 1008.62 
person 2489.70 964.54 2534.27 1028.20 
person 2688.18 957.46 2705.91 1003.56 
person 2778.32 954.67 2797.01 1012.10 
