person 2495.45 956.74 2507.67 983.17 
person 720.07 973.07 760.95 1015.57 
person 584.50 970.99 631.70 1099.80 
person 2824.89 959.54 2847.31 1019.05 
person 2045.42 965.27 2062.16 1010.70 
person 2249.84 963.36 2283.70 1022.20 
person 2740.46 951.53 2761.63 1012.60 
person 2789.72 953.76 2806.46 1011.01 
person 1063.60 969.90 1091.67 1063.56 
person 369.12 966.05 410.27 1085.12 
person 448.66 956.18 490.54 1087.11 
person 2392.13 963.97 2406.84 1008.71 
person 2489.70 964.54 2532.50 1028.20 
person 2688.54 958.09 2706.27 1004.19 
