person 2496.54 957.05 2508.58 982.70 
person 716.86 973.21 757.74 1015.71 
person 581.92 970.75 629.12 1099.56 
person 2828.04 960.12 2851.34 1019.63 
person 2045.11 965.28 2062.50 1010.90 
person 2247.88 963.08 2281.74 1022.10 
person 2740.67 951.62 2762.05 1012.84 
person 2790.48 954.12 2807.22 1011.37 
person 1061.99 970.19 1090.07 1063.85 
person 367.13 965.56 408.28 1084.64 
person 445.40 956.03 487.29 1086.97 
person 2393.35 963.80 2408.87 1009.24 
person 2487.46 964.75 2530.26 1028.41 
person 2689.41 958.19 2707.15 1004.29 
