person 2497.63 957.36 2509.48 982.22 
person 713.65 973.36 754.53 1015.86 
person 579.34 970.50 626.54 1099.31 
person 2831.19 960.71 2855.36 1020.21 
person 2044.79 965.29 2062.84 1011.10 
person 2245.92 962.81 2279.78 1022.00 
person 2740.87 951.70 2762.47 1013.08 
person 2791.24 954.48 2807.98 1011.73 
person 1060.39 970.48 1088.46 1064.14 
person 365.13 965.07 406.28 1084.15 
person 442.14 955.88 484.03 1086.82 
person 2394.57 963.63 2410.91 1009.78 
person 2485.22 964.96 2528.02 1028.62 
person 2690.29 958.29 2708.02 1004.39 
