person 2498.72 957.67 2510.39 981.75 
person 710.44 973.50 751.32 1016.00 
person 576.76 970.26 623.96 1099.07 
person 2834.34 961.29 2859.39 1020.79 
person 2044.48 965.30 2063.19 1011.30 
person 2243.96 962.54 2277.82 1021.90 
person 2741.07 951.79 2762.89 1013.31 
person 2792.00 954.84 2808.75 1012.09 
person 1058.78 970.77 1086.86 1064.43 
person 363.14 964.59 404.29 1083.66 
person 438.88 955.74 480.77 1086.68 
person 2395.78 963.46 2412.94 1010.32 
person 2482.98 965.17 2525.78 1028.83 
person 2691.17 958.39 2708.90 1004.49 
