person 2499.81 957.98 2511.29 981.27 
person 707.23 973.65 748.11 1016.15 
person 574.18 970.02 621.38 1098.83 
person 2837.50 961.87 2863.42 1021.37 
person 2044.17 965.31 2063.53 1011.50 
person 2242.00 962.27 2275.86 1021.80 
person 2741.28 951.87 2763.31 1013.55 
person 2792.76 955.20 2809.51 1012.45 
person 1057.18 971.06 1085.25 1064.72 
person 361.14 964.10 402.29 1083.18 
person 435.62 955.59 477.51 1086.53 
person 2397.00 963.29 2414.97 1010.85 
person 2480.74 965.38 2523.53 1029.04 
person 2692.05 958.49 2709.78 1004.59 
