person 2500.90 958.30 2512.20 980.80 
person 704.02 973.80 744.90 1016.30 
person 571.61 969.77 618.81 1098.58 
person 2840.65 962.46 2867.45 1021.96 
person 2043.85 965.32 2063.87 1011.70 
person 2240.03 962.00 2273.90 1021.70 
person 2741.48 951.96 2763.73 1013.79 
person 2793.52 955.56 2810.27 1012.81 
person 1055.57 971.36 1083.65 1065.02 
person 359.15 963.62 400.30 1082.69 
person 432.36 955.45 474.25 1086.38 
person 2398.22 963.12 2417.00 1011.39 
person 2478.49 965.59 2521.29 1029.25 
person 2692.93 958.60 2710.66 1004.69 
