person 2501.85 958.92 2514.01 985.10 
person 697.60 974.09 738.47 1016.59 
person 566.45 969.29 613.65 1098.10 
person 2846.95 963.63 2875.50 1023.12 
person 2043.23 965.34 2064.56 1012.10 
person 2236.11 961.46 2269.98 1021.49 
person 2741.88 952.12 2764.58 1014.26 
person 2795.04 956.28 2811.79 1013.54 
person 1052.36 971.94 1080.43 1065.60 
person 355.16 962.64 396.31 1081.72 
person 425.84 955.16 467.73 1086.09 
person 2400.65 962.79 2421.07 1012.46 
person 2474.01 966.01 2516.81 1029.67 
person 2694.68 958.80 2712.42 1004.90 
