person 2502.32 959.23 2514.91 987.25 
person 694.39 974.23 735.26 1016.73 
person 563.87 969.04 611.07 1097.86 
person 2850.10 964.21 2879.53 1023.70 
person 2042.92 965.36 2064.90 1012.30 
person 2234.15 961.18 2268.02 1021.39 
person 2742.09 952.21 2765.00 1014.50 
person 2795.80 956.64 2812.55 1013.90 
person 1050.76 972.23 1078.83 1065.89 
person 353.16 962.16 394.31 1081.23 
person 422.58 955.01 464.47 1085.95 
person 2401.87 962.62 2423.10 1013.00 
person 2471.77 966.22 2514.57 1029.88 
person 2695.56 958.90 2713.29 1005.00 
