person 2502.32 959.06 2514.91 987.07 
person 692.82 974.48 733.69 1016.98 
person 561.09 968.92 608.29 1097.73 
person 2852.20 964.09 2881.40 1023.59 
person 2042.31 965.25 2064.29 1012.20 
person 2233.14 961.49 2266.20 1021.47 
person 2741.91 952.32 2764.82 1014.61 
person 2796.71 956.64 2813.72 1013.90 
person 1048.94 972.23 1077.01 1065.89 
person 349.77 962.16 390.93 1081.23 
person 420.40 955.01 462.29 1085.95 
person 2402.74 962.62 2423.98 1013.00 
person 2469.85 966.32 2511.44 1030.08 
person 2695.97 958.90 2713.70 1005.00 
