person 2502.32 958.71 2514.91 986.72 
person 689.67 974.96 730.54 1017.46 
person 555.52 968.68 602.72 1097.49 
person 2856.40 963.86 2885.13 1023.36 
person 2041.10 965.05 2063.08 1012.00 
person 2231.13 962.09 2262.56 1021.62 
person 2741.54 952.55 2764.46 1014.84 
person 2798.54 956.64 2816.05 1013.90 
person 1045.31 972.23 1073.38 1065.89 
person 343.00 962.16 384.15 1081.23 
person 416.05 955.01 457.93 1085.95 
person 2404.49 962.62 2425.73 1013.00 
person 2466.03 966.52 2505.19 1030.49 
person 2696.79 958.90 2714.52 1005.00 
