person 2502.32 958.53 2514.91 986.55 
person 688.09 975.20 728.97 1017.70 
person 552.74 968.56 599.94 1097.37 
person 2858.50 963.74 2887.00 1023.25 
person 2040.50 964.95 2062.48 1011.90 
person 2230.12 962.40 2260.74 1021.70 
person 2741.36 952.66 2764.28 1014.96 
person 2799.45 956.64 2817.22 1013.90 
person 1043.50 972.23 1071.57 1065.89 
person 339.61 962.16 380.76 1081.23 
person 413.87 955.01 455.76 1085.95 
person 2405.37 962.62 2426.60 1013.00 
person 2464.11 966.62 2502.06 1030.69 
person 2697.20 958.90 2714.93 1005.00 
