person 2502.32 958.01 2514.91 986.02 
person 683.37 975.93 724.25 1018.43 
person 544.38 968.20 591.58 1097.01 
person 2864.80 963.39 2892.61 1022.91 
person 2038.68 964.65 2060.66 1011.59 
person 2227.09 963.30 2255.28 1021.93 
person 2740.82 953.01 2763.74 1015.30 
person 2802.19 956.64 2820.72 1013.90 
person 1038.05 972.23 1066.12 1065.89 
person 329.44 962.16 370.59 1081.23 
person 407.33 955.01 449.22 1085.95 
person 2408.00 962.62 2429.23 1013.00 
person 2458.37 966.93 2492.68 1031.30 
person 2698.42 958.90 2716.16 1005.00 
