person 2502.32 957.83 2514.91 985.85 
person 681.80 976.17 722.68 1018.67 
person 541.60 968.08 588.80 1096.89 
person 2866.90 963.27 2894.48 1022.80 
person 2038.07 964.55 2060.06 1011.49 
person 2226.08 963.61 2253.46 1022.01 
person 2740.64 953.12 2763.56 1015.41 
person 2803.10 956.64 2821.89 1013.90 
person 1036.23 972.23 1064.30 1065.89 
person 326.05 962.16 367.20 1081.23 
person 405.15 955.01 447.04 1085.95 
person 2408.87 962.62 2430.11 1013.00 
person 2456.45 967.03 2489.55 1031.51 
person 2698.83 958.90 2716.56 1005.00 
