person 2502.63 957.78 2515.23 985.79 
person 680.36 976.20 721.23 1018.70 
person 540.21 968.08 587.41 1096.89 
person 2869.40 957.00 2890.50 1022.80 
person 2037.18 964.55 2059.45 1012.02 
person 2223.84 963.41 2251.22 1021.81 
person 2740.46 953.23 2763.38 1015.53 
person 2803.72 956.56 2824.20 1015.33 
person 1034.86 972.33 1062.93 1065.99 
person 325.05 961.89 366.20 1080.96 
person 404.05 955.06 445.94 1086.00 
person 2410.08 962.62 2431.32 1013.00 
person 2455.00 967.03 2488.10 1031.51 
person 2698.41 958.88 2716.14 1004.98 
