person 2502.94 957.73 2515.54 985.74 
person 678.92 976.22 719.79 1018.72 
person 538.81 968.08 586.01 1096.89 
person 2871.12 957.90 2893.14 1022.80 
person 2036.28 964.55 2058.84 1012.55 
person 2221.61 963.22 2248.98 1021.62 
person 2740.28 953.35 2763.20 1015.64 
person 2804.34 956.47 2826.52 1016.77 
person 1033.49 972.43 1061.57 1066.09 
person 324.04 961.62 365.19 1080.70 
person 402.95 955.11 444.84 1086.04 
person 2411.29 962.62 2432.53 1013.00 
person 2453.55 967.03 2486.65 1031.51 
person 2697.98 958.85 2715.72 1004.95 
