person 2503.25 957.68 2515.85 985.69 
person 677.47 976.25 718.35 1018.74 
person 537.42 968.08 584.62 1096.89 
person 2872.84 958.79 2895.79 1022.80 
person 2035.38 964.55 2058.24 1013.07 
person 2219.37 963.02 2246.74 1021.42 
person 2740.10 953.46 2763.02 1015.75 
person 2804.96 956.39 2828.83 1018.21 
person 1032.12 972.53 1060.20 1066.19 
person 323.04 961.35 364.19 1080.43 
person 401.85 955.16 443.74 1086.09 
person 2412.50 962.62 2433.74 1013.00 
person 2452.09 967.03 2485.19 1031.51 
person 2697.56 958.83 2715.29 1004.93 
