person 2504.19 957.52 2516.78 985.53 
person 673.14 976.32 714.02 1018.82 
person 533.24 968.08 580.44 1096.89 
person 2877.99 961.48 2903.71 1022.80 
person 2032.69 964.55 2056.41 1014.65 
person 2212.66 962.44 2240.03 1020.84 
person 2739.56 953.80 2762.48 1016.09 
person 2806.82 956.14 2835.77 1022.52 
person 1028.02 972.82 1056.09 1066.48 
person 320.03 960.54 361.18 1079.62 
person 398.55 955.30 440.44 1086.24 
person 2416.14 962.62 2437.37 1013.00 
person 2447.74 967.03 2480.84 1031.51 
person 2696.28 958.76 2714.02 1004.86 
