person 2504.50 957.47 2517.09 985.48 
person 671.70 976.34 712.58 1018.84 
person 531.84 968.08 579.04 1096.89 
person 2879.71 962.38 2906.36 1022.80 
person 2031.80 964.55 2055.81 1015.17 
person 2210.42 962.25 2237.79 1020.65 
person 2739.38 953.92 2762.29 1016.21 
person 2807.44 956.05 2838.09 1023.96 
person 1026.65 972.92 1054.72 1066.58 
person 319.03 960.27 360.18 1079.35 
person 397.45 955.35 439.34 1086.29 
person 2417.35 962.62 2438.58 1013.00 
person 2446.28 967.03 2479.38 1031.51 
person 2695.86 958.74 2713.59 1004.83 
