person 2504.81 957.42 2517.41 985.43 
person 670.26 976.37 711.13 1018.87 
person 530.45 968.08 577.65 1096.89 
person 2881.43 963.27 2909.00 1022.80 
person 2030.90 964.55 2055.20 1015.70 
person 2208.18 962.05 2235.55 1020.45 
person 2739.20 954.03 2762.11 1016.32 
person 2808.06 955.97 2840.40 1025.40 
person 1025.28 973.01 1053.35 1066.67 
person 318.03 960.00 359.18 1079.08 
person 396.35 955.40 438.24 1086.34 
person 2418.56 962.62 2439.79 1013.00 
person 2444.83 967.03 2477.93 1031.51 
person 2695.44 958.71 2713.17 1004.81 
