person 2505.12 957.37 2517.72 985.38 
person 668.82 976.39 709.69 1018.89 
person 529.05 968.08 576.25 1096.89 
person 2885.22 960.92 2911.23 1022.30 
person 2031.13 964.55 2054.67 1015.41 
person 2207.01 962.27 2234.39 1020.67 
person 2739.02 954.15 2761.93 1016.44 
person 2809.67 956.02 2840.93 1025.29 
person 1023.91 973.11 1051.98 1066.77 
person 317.03 959.74 358.18 1078.81 
person 395.25 955.45 437.14 1086.39 
person 2422.06 963.34 2443.29 1013.72 
person 2443.16 967.03 2476.26 1031.51 
person 2695.01 958.69 2712.74 1004.79 
