person 2506.06 957.21 2518.65 985.22 
person 664.49 976.47 705.36 1018.96 
person 524.87 968.08 572.07 1096.89 
person 2893.65 957.09 2917.72 1020.80 
person 2031.81 964.55 2053.09 1014.56 
person 2203.51 962.94 2230.88 1021.34 
person 2738.48 954.49 2761.39 1016.78 
person 2814.51 956.19 2842.51 1024.94 
person 1019.80 973.41 1047.87 1067.07 
person 314.02 958.93 355.17 1078.01 
person 391.95 955.60 433.83 1086.53 
person 2432.57 965.51 2453.80 1015.89 
person 2438.16 967.03 2471.26 1031.51 
person 2693.74 958.62 2711.47 1004.72 
