person 2506.99 957.05 2519.58 985.07 
person 655.83 976.61 696.70 1019.11 
person 516.51 968.08 563.71 1096.89 
person 2898.42 958.22 2926.00 1019.10 
person 2031.72 965.07 2050.72 1014.22 
person 2193.65 964.00 2221.23 1022.78 
person 2737.40 955.17 2760.31 1017.46 
person 2822.07 955.77 2847.28 1024.87 
person 1011.58 973.99 1039.65 1067.65 
person 308.00 957.31 349.15 1076.39 
person 385.34 955.89 427.23 1086.83 
person 2452.80 967.68 2474.04 1018.06 
person 2433.15 967.03 2465.38 1029.55 
person 2691.19 958.48 2708.92 1004.57 
