person 2506.99 957.05 2519.58 985.07 
person 652.94 976.66 693.82 1019.16 
person 513.72 968.08 560.92 1096.89 
person 2900.47 957.34 2927.74 1018.97 
person 2031.20 965.41 2050.20 1014.56 
person 2189.41 964.26 2217.12 1023.29 
person 2737.04 955.40 2759.95 1017.69 
person 2823.88 955.38 2849.41 1025.04 
person 1008.84 974.19 1036.92 1067.85 
person 306.00 956.78 347.15 1075.85 
person 383.14 955.99 425.03 1086.92 
person 2459.29 967.68 2480.52 1018.06 
person 2433.15 967.03 2464.79 1028.25 
person 2690.34 958.43 2708.07 1004.53 
