person 2506.99 957.05 2519.58 985.07 
person 651.50 976.69 692.38 1019.18 
person 512.33 968.08 559.53 1096.89 
person 2901.79 956.97 2928.75 1018.91 
person 2030.94 965.59 2049.94 1014.74 
person 2187.29 964.39 2215.07 1023.55 
person 2736.86 955.51 2759.77 1017.80 
person 2824.79 955.19 2850.47 1025.13 
person 1007.47 974.29 1035.55 1067.95 
person 304.99 956.51 346.15 1075.58 
person 382.04 956.04 423.93 1086.97 
person 2462.53 967.68 2483.77 1018.06 
person 2433.15 967.03 2464.50 1027.60 
person 2689.92 958.40 2707.65 1004.50 
