person 2506.99 957.05 2519.58 985.07 
person 650.06 976.71 690.93 1019.21 
person 510.93 968.08 558.13 1096.89 
person 2903.11 956.61 2929.76 1018.84 
person 2030.68 965.76 2049.68 1014.91 
person 2185.18 964.52 2213.02 1023.81 
person 2736.68 955.63 2759.59 1017.92 
person 2825.70 954.99 2851.53 1025.22 
person 1006.10 974.38 1034.18 1068.04 
person 303.99 956.24 345.14 1075.32 
person 380.94 956.09 422.83 1087.02 
person 2464.61 967.74 2486.20 1018.61 
person 2433.15 967.03 2464.40 1027.60 
person 2689.49 958.38 2707.22 1004.48 
