person 2506.99 957.05 2519.58 985.07 
person 648.62 976.73 689.49 1019.23 
person 509.54 968.08 556.74 1096.89 
person 2904.43 956.25 2930.77 1018.78 
person 2030.42 965.93 2049.42 1015.08 
person 2183.06 964.64 2210.97 1024.06 
person 2736.49 955.74 2759.41 1018.03 
person 2826.61 954.80 2852.59 1025.31 
person 1004.74 974.48 1032.81 1068.14 
person 302.99 955.97 344.14 1075.05 
person 379.84 956.13 421.73 1087.07 
person 2466.68 967.81 2488.64 1019.17 
person 2433.15 967.03 2464.30 1027.60 
person 2689.07 958.36 2706.80 1004.46 
