person 2506.99 957.05 2519.58 985.07 
person 647.17 976.76 688.05 1019.26 
person 508.15 968.08 555.35 1096.89 
person 2905.75 955.89 2931.77 1018.71 
person 2030.17 966.11 2049.17 1015.26 
person 2180.94 964.77 2208.92 1024.32 
person 2736.31 955.85 2759.23 1018.14 
person 2827.52 954.60 2853.65 1025.40 
person 1003.37 974.58 1031.44 1068.24 
person 301.99 955.70 343.14 1074.78 
person 378.74 956.18 420.63 1087.12 
person 2468.76 967.87 2491.07 1019.72 
person 2433.15 967.03 2464.20 1027.60 
person 2688.64 958.33 2706.38 1004.43 
