person 2506.99 957.05 2519.58 985.07 
person 644.29 976.81 685.16 1019.31 
person 505.36 968.08 552.56 1096.89 
person 2908.38 955.16 2933.79 1018.58 
person 2029.65 966.45 2048.65 1015.60 
person 2176.70 965.03 2204.81 1024.83 
person 2735.95 956.08 2758.87 1018.37 
person 2829.33 954.22 2855.77 1025.58 
person 1000.63 974.77 1028.70 1068.43 
person 299.98 955.16 341.13 1074.24 
person 376.54 956.28 418.43 1087.22 
person 2472.91 968.00 2495.95 1020.83 
person 2433.15 967.03 2464.00 1027.60 
person 2687.79 958.29 2705.53 1004.38 
