person 2506.99 957.05 2519.58 985.07 
person 641.40 976.86 682.28 1019.36 
person 502.57 968.08 549.77 1096.89 
person 2909.66 955.43 2935.17 1018.45 
person 2029.13 966.80 2048.13 1015.95 
person 2172.46 965.29 2200.71 1025.35 
person 2735.59 956.31 2758.51 1018.60 
person 2831.15 953.83 2857.89 1025.76 
person 997.89 974.97 1025.96 1068.63 
person 297.98 954.62 339.13 1073.70 
person 374.34 956.38 416.23 1087.32 
person 2477.06 968.13 2500.82 1021.93 
person 2433.15 967.03 2463.80 1027.60 
person 2686.94 958.24 2704.68 1004.34 
