person 2520.55 963.12 2527.56 977.60 
person 629.35 970.46 646.86 987.98 
person 549.50 964.97 578.68 1042.16 
person 2506.90 967.06 2526.22 1022.79 
person 2121.06 968.42 2131.48 1009.34 
person 2279.02 965.74 2294.43 1018.98 
person 2716.66 959.97 2734.50 1017.80 
person 2878.84 955.79 2892.90 1000.38 
person 860.50 966.21 887.67 1034.96 
person 419.91 960.17 441.99 1038.65 
person 472.62 960.73 495.04 1037.60 
person 2332.23 965.01 2342.90 1008.44 
person 2433.25 962.06 2455.02 1024.97 
person 2503.20 961.77 2514.39 1000.69 
