person 2506.99 957.05 2519.58 985.07 
person 639.96 976.88 680.83 1019.38 
person 501.18 968.08 548.38 1096.89 
person 2909.62 956.07 2935.54 1018.39 
person 2028.87 966.97 2047.87 1016.12 
person 2170.34 965.42 2198.66 1025.60 
person 2735.41 956.42 2758.33 1018.71 
person 2832.06 953.63 2858.96 1025.84 
person 996.52 975.07 1024.59 1068.73 
person 296.97 954.36 338.12 1073.43 
person 373.24 956.43 415.13 1087.36 
person 2479.14 968.20 2503.26 1022.49 
person 2433.15 967.03 2463.70 1027.60 
person 2686.52 958.22 2704.25 1004.31 
