person 2506.99 957.05 2519.58 985.07 
person 638.52 976.91 679.39 1019.40 
person 499.78 968.08 546.98 1096.89 
person 2909.57 956.70 2935.91 1018.33 
person 2028.61 967.14 2047.61 1016.29 
person 2168.23 965.55 2196.61 1025.86 
person 2735.23 956.54 2758.15 1018.83 
person 2832.97 953.44 2860.02 1025.93 
person 995.15 975.17 1023.22 1068.83 
person 295.97 954.09 337.12 1073.16 
person 372.14 956.48 414.03 1087.41 
person 2481.21 968.26 2505.69 1023.04 
person 2433.15 967.03 2463.60 1027.60 
person 2686.10 958.19 2703.83 1004.29 
