person 2506.99 957.05 2519.58 985.07 
person 637.07 976.93 677.95 1019.43 
person 498.39 968.08 545.59 1096.89 
person 2909.53 957.34 2936.28 1018.26 
person 2028.35 967.32 2047.35 1016.47 
person 2166.11 965.68 2194.56 1026.12 
person 2735.05 956.65 2757.97 1018.94 
person 2833.87 953.24 2861.08 1026.02 
person 993.78 975.26 1021.85 1068.92 
person 294.97 953.82 336.12 1072.89 
person 371.04 956.53 412.93 1087.46 
person 2483.29 968.33 2508.13 1023.59 
person 2433.15 967.03 2463.50 1027.60 
person 2685.67 958.17 2703.40 1004.27 
