person 2506.99 957.05 2519.58 985.07 
person 635.63 976.95 676.51 1019.45 
person 497.00 968.08 544.20 1096.89 
person 2909.49 957.97 2936.65 1018.20 
person 2028.09 967.49 2047.09 1016.64 
person 2163.99 965.81 2192.51 1026.38 
person 2734.87 956.77 2757.79 1019.06 
person 2834.78 953.05 2862.14 1026.11 
person 992.41 975.36 1020.48 1069.02 
person 293.97 953.55 335.12 1072.63 
person 369.94 956.57 411.83 1087.51 
person 2485.36 968.39 2510.56 1024.15 
person 2433.15 967.03 2463.40 1027.60 
person 2685.25 958.14 2702.98 1004.24 
