person 2506.99 957.05 2519.58 985.07 
person 634.19 976.98 675.06 1019.48 
person 495.60 968.08 542.80 1096.89 
person 2909.45 958.61 2937.02 1018.13 
person 2027.83 967.66 2046.83 1016.81 
person 2161.87 965.94 2190.45 1026.63 
person 2734.69 956.88 2757.61 1019.17 
person 2835.69 952.85 2863.20 1026.20 
person 991.04 975.46 1019.11 1069.12 
person 292.96 953.28 334.11 1072.36 
person 368.84 956.62 410.73 1087.56 
person 2487.44 968.46 2513.00 1024.70 
person 2433.15 967.03 2463.30 1027.60 
person 2684.82 958.12 2702.55 1004.22 
