person 2506.99 957.05 2519.58 985.07 
person 633.82 976.91 674.70 1019.41 
person 494.76 968.01 541.96 1096.82 
person 2910.53 957.20 2937.38 1018.13 
person 2028.21 967.64 2047.21 1016.87 
person 2160.55 965.70 2189.04 1026.79 
person 2734.36 956.60 2757.38 1019.33 
person 2836.68 952.89 2863.99 1026.40 
person 990.20 974.83 1018.97 1069.12 
person 292.81 953.28 333.96 1072.36 
person 368.54 956.60 410.42 1087.54 
person 2489.76 968.72 2516.23 1025.26 
person 2434.37 966.40 2463.62 1027.60 
person 2683.71 958.12 2702.55 1004.47 
