person 2506.99 957.05 2519.58 985.07 
person 633.46 976.85 674.33 1019.35 
person 493.92 967.94 541.12 1096.75 
person 2911.62 955.80 2937.74 1018.13 
person 2028.60 967.62 2047.60 1016.93 
person 2159.23 965.45 2187.62 1026.95 
person 2734.03 956.33 2757.16 1019.49 
person 2837.67 952.93 2864.79 1026.60 
person 989.36 974.19 1018.83 1069.12 
person 292.66 953.28 333.81 1072.36 
person 368.24 956.58 410.12 1087.52 
person 2492.08 968.98 2519.46 1025.82 
person 2435.59 965.77 2463.95 1027.60 
person 2682.59 958.12 2702.55 1004.71 
