person 2506.99 957.05 2519.58 985.07 
person 632.73 976.72 673.60 1019.22 
person 492.24 967.80 539.44 1096.61 
person 2912.91 954.31 2938.46 1018.13 
person 2029.36 967.58 2048.36 1017.05 
person 2156.58 964.97 2184.78 1027.27 
person 2733.37 955.78 2756.71 1019.81 
person 2839.65 953.01 2866.38 1026.99 
person 987.68 972.93 1018.56 1069.12 
person 292.36 953.28 333.51 1072.36 
person 367.63 956.54 409.52 1087.47 
person 2496.73 969.51 2525.92 1026.95 
person 2438.03 964.51 2464.60 1027.60 
person 2680.36 958.12 2702.55 1005.21 
