person 2506.99 957.05 2519.58 985.07 
person 632.36 976.66 673.23 1019.16 
person 491.40 967.73 538.60 1096.54 
person 2913.12 954.23 2938.83 1018.13 
person 2029.74 967.55 2048.74 1017.11 
person 2155.26 964.72 2183.36 1027.42 
person 2733.04 955.50 2756.49 1019.97 
person 2840.63 953.04 2867.17 1027.19 
person 986.84 972.30 1018.42 1069.12 
person 292.21 953.28 333.36 1072.36 
person 367.33 956.52 409.22 1087.45 
person 2499.05 969.77 2529.15 1027.51 
person 2439.24 963.89 2464.93 1027.60 
person 2679.25 958.12 2702.55 1005.46 
