person 2506.99 957.05 2519.58 985.07 
person 631.26 976.46 672.14 1018.96 
person 488.88 967.52 536.07 1096.33 
person 2913.74 953.97 2939.92 1018.13 
person 2030.89 967.49 2049.89 1017.28 
person 2151.30 963.99 2179.10 1027.90 
person 2732.05 954.68 2755.81 1020.45 
person 2843.60 953.16 2869.55 1027.78 
person 984.32 970.40 1018.00 1069.12 
person 291.76 953.28 332.91 1072.36 
person 366.43 956.45 408.32 1087.39 
person 2506.02 970.56 2538.84 1029.20 
person 2442.90 962.00 2465.90 1027.60 
person 2675.90 958.12 2702.55 1006.20 
