person 2506.99 957.05 2519.58 985.07 
person 630.90 976.40 671.77 1018.90 
person 488.75 967.52 535.95 1096.33 
person 2913.95 953.89 2940.28 1018.13 
person 2031.27 967.47 2050.27 1017.34 
person 2150.44 964.06 2178.24 1027.97 
person 2731.72 954.40 2755.59 1020.62 
person 2844.59 953.20 2870.35 1027.98 
person 983.83 970.50 1017.52 1069.22 
person 291.61 953.28 332.76 1072.36 
person 366.13 956.43 408.02 1087.37 
person 2503.84 969.38 2539.09 1030.44 
person 2443.42 962.00 2466.67 1027.60 
person 2675.90 957.99 2701.49 1006.20 
