person 2506.99 957.05 2519.58 985.07 
person 630.53 976.33 671.41 1018.83 
person 488.62 967.52 535.82 1096.33 
person 2914.16 953.80 2940.64 1018.13 
person 2031.66 967.45 2050.66 1017.40 
person 2149.57 964.13 2177.38 1028.03 
person 2731.40 954.13 2755.37 1020.78 
person 2845.58 953.23 2871.14 1028.18 
person 983.35 970.59 1017.03 1069.31 
person 291.46 953.28 332.61 1072.36 
person 365.83 956.41 407.72 1087.34 
person 2501.66 968.19 2539.35 1031.69 
person 2443.94 962.00 2467.45 1027.60 
person 2675.90 957.85 2700.43 1006.20 
