person 2506.99 957.05 2519.58 985.07 
person 629.80 976.21 670.68 1018.70 
person 488.36 967.52 535.56 1096.33 
person 2914.57 953.63 2941.37 1018.13 
person 2032.42 967.40 2051.42 1017.52 
person 2147.85 964.26 2175.65 1028.17 
person 2730.74 953.58 2754.92 1021.10 
person 2847.56 953.31 2872.73 1028.57 
person 982.38 970.79 1016.06 1069.51 
person 291.16 953.28 332.31 1072.36 
person 365.23 956.37 407.11 1087.30 
person 2497.30 965.82 2539.85 1034.18 
person 2444.97 962.00 2469.00 1027.60 
person 2675.90 957.58 2698.31 1006.20 
