person 2506.99 957.05 2519.58 985.07 
person 629.07 976.08 669.94 1018.58 
person 488.10 967.52 535.30 1096.33 
person 2914.99 953.46 2942.10 1018.13 
person 2033.19 967.36 2052.19 1017.64 
person 2146.12 964.39 2173.93 1028.30 
person 2730.08 953.03 2754.47 1021.42 
person 2849.54 953.39 2874.32 1028.97 
person 981.41 970.98 1015.10 1069.70 
person 290.86 953.28 332.01 1072.36 
person 364.62 956.32 406.51 1087.26 
person 2492.94 963.45 2540.35 1036.67 
person 2446.01 962.00 2470.55 1027.60 
person 2675.90 957.31 2696.18 1006.20 
