person 2506.99 957.05 2519.58 985.07 
person 628.70 976.01 669.58 1018.51 
person 487.97 967.52 535.17 1096.33 
person 2915.20 953.37 2942.46 1018.13 
person 2033.57 967.34 2052.57 1017.70 
person 2145.26 964.46 2173.07 1028.36 
person 2729.75 952.75 2754.25 1021.58 
person 2850.52 953.42 2875.11 1029.17 
person 980.93 971.08 1014.61 1069.80 
person 290.71 953.28 331.86 1072.36 
person 364.32 956.30 406.21 1087.24 
person 2490.76 962.27 2540.60 1037.91 
person 2446.53 962.00 2471.32 1027.60 
person 2675.90 957.17 2695.12 1006.20 
