person 624.89 970.46 642.41 987.98 
person 540.85 965.45 570.04 1042.64 
person 2514.49 967.06 2533.80 1022.79 
person 2124.10 968.42 2133.29 1009.34 
person 2286.40 965.74 2301.81 1018.98 
person 2720.72 959.03 2738.56 1016.87 
person 2884.10 955.79 2898.15 1000.38 
person 850.60 968.21 872.65 1036.97 
person 417.59 959.74 438.76 1038.23 
person 464.76 960.73 487.44 1037.60 
person 2339.81 965.01 2350.48 1008.44 
person 2441.10 961.12 2462.87 1024.04 
person 2500.64 961.77 2513.25 1000.69 
person 2894.43 956.46 2903.34 982.27 
person 463.82 960.73 486.52 1037.60 
