person 2521.50 962.88 2531.65 979.93 
person 629.71 970.46 647.22 987.98 
person 550.12 964.76 579.30 1041.95 
person 2507.15 967.06 2526.46 1022.79 
person 2121.06 968.42 2131.68 1009.34 
person 2277.18 965.60 2293.24 1018.84 
person 2716.66 959.97 2734.50 1017.80 
person 2878.34 955.79 2892.39 1000.38 
person 861.25 966.04 888.43 1034.79 
person 420.67 960.24 442.50 1038.72 
person 473.24 960.73 495.65 1037.60 
person 2331.96 965.01 2342.48 1008.44 
person 2433.94 961.88 2455.71 1024.80 
person 2503.89 961.77 2515.08 1000.69 
