person 2506.99 957.05 2519.58 985.07 
person 628.34 975.95 669.21 1018.45 
person 487.84 967.52 535.04 1096.33 
person 2915.41 953.29 2942.82 1018.13 
person 2033.95 967.32 2052.95 1017.75 
person 2144.40 964.53 2172.20 1028.43 
person 2729.42 952.47 2754.02 1021.74 
person 2851.51 953.46 2875.91 1029.36 
person 980.45 971.17 1014.13 1069.89 
person 290.56 953.28 331.71 1072.36 
person 364.02 956.28 405.91 1087.22 
person 2488.58 961.08 2540.85 1039.16 
person 2447.05 962.00 2472.10 1027.60 
person 2675.90 957.04 2694.06 1006.20 
