person 2506.99 957.05 2519.58 985.07 
person 627.97 975.88 668.85 1018.38 
person 487.71 967.52 534.91 1096.33 
person 2915.61 953.20 2943.19 1018.13 
person 2034.34 967.29 2053.34 1017.81 
person 2143.54 964.59 2171.34 1028.50 
person 2729.09 952.20 2753.80 1021.90 
person 2852.50 953.50 2876.70 1029.56 
person 979.96 971.27 1013.65 1069.99 
person 290.41 953.28 331.56 1072.36 
person 363.72 956.26 405.61 1087.19 
person 2486.40 959.90 2541.10 1040.40 
person 2447.57 962.00 2472.87 1027.60 
person 2675.90 956.90 2693.00 1006.20 
person 2825.80 950.08 2847.40 1026.40 
