person 2506.53 956.90 2518.60 984.91 
person 627.61 975.82 668.48 1018.32 
person 487.58 967.52 534.78 1096.33 
person 2915.45 953.23 2943.03 1018.16 
person 2034.72 967.27 2053.72 1017.87 
person 2143.84 964.61 2171.57 1028.60 
person 2728.99 952.20 2753.70 1021.90 
person 2853.00 953.50 2877.20 1029.56 
person 979.48 971.37 1013.16 1070.09 
person 290.26 953.28 331.41 1072.36 
person 363.42 956.24 405.31 1087.17 
person 2484.40 959.90 2539.97 1040.40 
person 2448.09 962.00 2473.65 1027.60 
person 2674.57 956.90 2692.12 1006.20 
person 2824.37 950.08 2846.82 1026.62 
