person 2505.13 956.42 2515.66 984.42 
person 626.51 975.62 667.39 1018.12 
person 487.20 967.52 534.40 1096.33 
person 2914.96 953.31 2942.54 1018.25 
person 2035.87 967.21 2054.87 1018.05 
person 2144.76 964.67 2172.27 1028.91 
person 2728.68 952.20 2753.40 1021.90 
person 2854.48 953.50 2878.68 1029.56 
person 978.03 971.66 1011.71 1070.38 
person 289.80 953.28 330.95 1072.36 
person 362.52 956.17 404.41 1087.11 
person 2487.32 959.90 2536.59 1040.40 
person 2449.64 962.00 2475.97 1027.60 
person 2670.59 956.90 2689.46 1006.20 
person 2820.10 950.07 2845.07 1027.28 
