person 2504.66 956.26 2514.68 984.26 
person 626.15 975.56 667.02 1018.06 
person 487.07 967.52 534.27 1096.33 
person 2914.80 953.34 2942.38 1018.28 
person 2036.25 967.19 2055.25 1018.11 
person 2145.06 964.69 2172.51 1029.01 
person 2728.58 952.20 2753.30 1021.90 
person 2854.98 953.50 2879.18 1029.56 
person 977.54 971.76 1011.23 1070.47 
person 289.65 953.28 330.80 1072.36 
person 362.22 956.15 404.10 1087.09 
person 2489.78 959.90 2535.46 1040.40 
person 2450.16 962.00 2476.75 1027.60 
person 2669.26 956.90 2688.58 1006.20 
person 2818.67 950.07 2844.49 1027.51 
