person 2504.23 956.12 2513.85 984.12 
person 625.41 975.43 666.29 1017.93 
person 486.81 967.52 534.01 1096.33 
person 2914.48 953.40 2942.05 1018.33 
person 2037.01 967.14 2056.01 1018.22 
person 2145.67 964.73 2172.97 1029.22 
person 2728.38 952.20 2753.09 1021.90 
person 2855.97 953.50 2880.17 1029.56 
person 976.58 971.95 1010.26 1070.67 
person 289.35 953.28 330.50 1072.36 
person 361.61 956.11 403.50 1087.04 
person 2494.70 959.90 2533.20 1040.40 
person 2451.20 962.00 2478.30 1027.60 
person 2666.60 956.90 2686.81 1006.20 
person 2815.82 950.07 2843.32 1027.95 
