person 2504.25 956.13 2513.99 984.14 
person 625.65 975.50 666.53 1018.00 
person 486.94 967.52 534.14 1096.34 
person 2914.31 953.43 2941.89 1018.36 
person 2037.40 967.12 2056.40 1018.28 
person 2145.97 964.75 2173.21 1029.32 
person 2728.28 952.20 2752.99 1021.90 
person 2856.46 953.50 2880.66 1029.56 
person 976.69 971.97 1010.37 1070.69 
person 289.52 953.28 330.67 1072.36 
person 361.97 956.15 403.86 1087.09 
person 2494.43 959.55 2532.93 1040.56 
person 2452.69 960.88 2479.79 1026.48 
person 2665.70 956.94 2686.09 1006.27 
person 2814.77 950.00 2842.28 1027.88 
