person 2504.37 956.20 2514.58 984.21 
person 626.60 975.75 667.47 1018.25 
person 487.47 967.56 534.67 1096.37 
person 2913.66 953.54 2941.24 1018.48 
person 2038.93 967.03 2057.93 1018.52 
person 2147.19 964.83 2174.14 1029.74 
person 2727.88 952.20 2752.59 1021.90 
person 2860.74 953.50 2886.11 1029.98 
person 977.14 972.06 1010.83 1070.78 
person 290.19 953.28 331.34 1072.36 
person 363.41 956.32 405.29 1087.26 
person 2493.37 958.86 2531.84 1041.20 
person 2456.22 959.77 2483.32 1025.37 
person 2662.09 957.12 2683.23 1006.56 
person 2810.59 949.71 2838.10 1027.59 
