person 2504.39 956.22 2514.73 984.22 
person 626.83 975.82 667.71 1018.32 
person 487.60 967.57 534.80 1096.38 
person 2913.50 953.57 2941.08 1018.50 
person 2039.31 967.01 2058.31 1018.58 
person 2147.50 964.84 2174.37 1029.84 
person 2727.78 952.20 2752.49 1021.90 
person 2862.01 953.50 2887.76 1030.12 
person 977.26 972.08 1010.94 1070.80 
person 290.35 953.28 331.50 1072.36 
person 363.76 956.37 405.65 1087.30 
person 2493.11 959.23 2531.58 1041.36 
person 2456.90 959.77 2484.00 1025.37 
person 2661.18 957.16 2682.51 1006.63 
person 2809.54 949.64 2837.05 1027.52 
