person 2504.42 956.23 2514.87 984.24 
person 627.07 975.88 667.94 1018.38 
person 487.73 967.58 534.93 1096.39 
person 2913.34 953.60 2940.91 1018.53 
person 2039.69 966.99 2058.69 1018.64 
person 2147.80 964.86 2174.60 1029.94 
person 2727.68 952.20 2752.39 1021.90 
person 2863.27 953.50 2889.41 1030.27 
person 977.37 972.11 1011.05 1070.83 
person 290.52 953.28 331.67 1072.36 
person 364.12 956.41 406.01 1087.35 
person 2492.84 959.59 2531.32 1041.51 
person 2457.58 959.77 2484.68 1025.37 
person 2660.28 957.20 2681.79 1006.70 
person 2808.50 949.57 2836.01 1027.45 
