person 627.31 975.95 668.18 1018.45 
person 487.86 967.59 535.06 1096.40 
person 2913.18 953.63 2940.75 1018.56 
person 2040.07 966.97 2059.07 1018.69 
person 2148.11 964.88 2174.84 1030.05 
person 2727.58 952.20 2752.29 1021.90 
person 2864.53 953.50 2891.06 1030.41 
person 977.48 972.13 1011.17 1070.85 
person 290.69 953.28 331.84 1072.36 
person 364.48 956.45 406.37 1087.39 
person 2492.58 959.95 2531.05 1041.67 
person 2458.26 959.77 2485.36 1025.37 
person 2659.38 957.24 2681.08 1006.78 
person 2807.45 949.50 2834.96 1027.38 
