person 627.54 976.01 668.42 1018.51 
person 488.00 967.59 535.20 1096.41 
person 2913.01 953.66 2940.59 1018.59 
person 2040.46 966.95 2059.46 1018.75 
person 2148.41 964.90 2175.07 1030.15 
person 2727.48 952.20 2752.19 1021.90 
person 2865.79 953.50 2892.70 1030.55 
person 977.59 972.15 1011.28 1070.87 
person 290.85 953.28 332.00 1072.36 
person 364.84 956.49 406.73 1087.43 
person 2492.31 960.31 2530.79 1041.83 
person 2458.94 959.77 2486.04 1025.37 
person 2658.47 957.29 2680.36 1006.85 
person 2806.40 949.42 2833.92 1027.30 
