person 628.25 976.21 669.13 1018.71 
person 488.39 967.62 535.59 1096.43 
person 2912.53 953.74 2940.10 1018.68 
person 2041.61 966.88 2060.61 1018.93 
person 2149.32 964.96 2175.77 1030.46 
person 2727.17 952.20 2751.89 1021.90 
person 2869.58 953.50 2897.65 1030.97 
person 977.93 972.22 1011.62 1070.94 
person 291.35 953.28 332.50 1072.36 
person 365.91 956.62 407.80 1087.56 
person 2491.52 961.40 2530.01 1042.31 
person 2460.99 959.77 2488.09 1025.37 
person 2655.76 957.42 2678.21 1007.06 
person 2803.26 949.21 2830.78 1027.09 
