person 2504.64 956.37 2516.05 984.38 
person 628.96 976.40 669.84 1018.90 
person 488.78 967.65 535.98 1096.46 
person 2912.04 953.83 2939.62 1018.76 
person 2042.75 966.82 2061.75 1019.11 
person 2150.24 965.02 2176.47 1030.77 
person 2726.87 952.20 2751.58 1021.90 
person 2873.36 953.50 2902.60 1031.39 
person 978.27 972.29 1011.96 1071.01 
person 291.85 953.28 333.00 1072.36 
person 366.99 956.75 408.88 1087.69 
person 2489.10 962.34 2526.53 1042.84 
person 2462.77 959.77 2489.45 1025.37 
person 2653.06 957.55 2676.06 1007.28 
person 2800.13 948.99 2827.65 1026.87 
