person 2504.67 956.38 2516.19 984.39 
person 629.20 976.46 670.07 1018.96 
person 488.92 967.66 536.12 1096.47 
person 2911.88 953.86 2939.45 1018.79 
person 2043.14 966.80 2062.14 1019.17 
person 2150.54 965.04 2176.70 1030.87 
person 2726.77 952.20 2751.48 1021.90 
person 2874.63 953.50 2904.25 1031.53 
person 978.39 972.31 1012.07 1071.03 
person 292.02 953.28 333.17 1072.36 
person 367.35 956.80 409.24 1087.73 
person 2487.21 962.55 2523.57 1043.05 
person 2463.19 959.77 2489.45 1025.37 
person 2652.15 957.59 2675.35 1007.35 
person 2799.08 948.92 2826.60 1026.80 
