person 2504.70 956.40 2516.34 984.41 
person 629.43 976.53 670.31 1019.03 
person 489.05 967.66 536.25 1096.48 
person 2911.72 953.89 2939.29 1018.82 
person 2043.52 966.77 2062.52 1019.22 
person 2150.85 965.06 2176.94 1030.97 
person 2726.67 952.20 2751.38 1021.90 
person 2875.89 953.50 2905.90 1031.67 
person 978.50 972.33 1012.18 1071.05 
person 292.19 953.28 333.34 1072.36 
person 367.71 956.84 409.59 1087.78 
person 2485.32 962.76 2520.61 1043.26 
person 2463.62 959.77 2489.45 1025.37 
person 2651.25 957.63 2674.63 1007.42 
person 2798.03 948.85 2825.56 1026.73 
