person 2504.72 956.42 2516.49 984.43 
person 629.67 976.59 670.55 1019.09 
person 489.18 967.67 536.38 1096.49 
person 2911.55 953.92 2939.13 1018.85 
person 2043.90 966.75 2062.90 1019.28 
person 2151.15 965.08 2177.17 1031.08 
person 2726.57 952.20 2751.28 1021.90 
person 2877.15 953.50 2907.55 1031.81 
person 978.61 972.36 1012.30 1071.08 
person 292.35 953.28 333.50 1072.36 
person 368.06 956.88 409.95 1087.82 
person 2483.43 962.97 2517.65 1043.47 
person 2464.04 959.77 2489.45 1025.37 
person 2650.35 957.68 2673.91 1007.50 
person 2796.99 948.78 2824.51 1026.66 
