person 2504.75 956.43 2516.63 984.44 
person 629.91 976.66 670.78 1019.16 
person 489.31 967.68 536.51 1096.49 
person 2911.39 953.94 2938.97 1018.88 
person 2044.28 966.73 2063.28 1019.34 
person 2151.46 965.10 2177.40 1031.18 
person 2726.47 952.20 2751.18 1021.90 
person 2878.41 953.50 2909.20 1031.96 
person 978.73 972.38 1012.41 1071.10 
person 292.52 953.28 333.67 1072.36 
person 368.42 956.92 410.31 1087.86 
person 2481.54 963.19 2514.69 1043.68 
person 2464.46 959.77 2489.45 1025.37 
person 2649.44 957.72 2673.20 1007.57 
person 2795.94 948.71 2823.47 1026.59 
