person 2504.84 956.48 2517.07 984.50 
person 630.62 976.85 671.49 1019.35 
person 489.71 967.71 536.91 1096.52 
person 2910.90 954.03 2938.48 1018.96 
person 2045.43 966.67 2064.43 1019.52 
person 2152.37 965.16 2178.10 1031.49 
person 2726.17 952.20 2750.88 1021.90 
person 2882.20 953.50 2914.15 1032.38 
person 979.07 972.45 1012.75 1071.17 
person 293.02 953.28 334.17 1072.36 
person 369.50 957.05 411.39 1087.99 
person 2475.87 963.82 2505.81 1044.32 
person 2465.73 959.77 2489.45 1025.37 
person 2646.73 957.85 2671.05 1007.78 
person 2792.80 948.49 2820.33 1026.37 
