person 2504.89 956.52 2517.37 984.53 
person 631.09 976.98 671.96 1019.48 
person 489.97 967.73 537.17 1096.54 
person 2910.58 954.09 2938.15 1019.02 
person 2046.20 966.62 2065.20 1019.64 
person 2152.98 965.20 2178.57 1031.70 
person 2725.96 952.20 2750.68 1021.90 
person 2884.72 953.50 2917.45 1032.66 
person 979.29 972.49 1012.98 1071.21 
person 293.35 953.28 334.50 1072.36 
person 370.21 957.14 412.10 1088.08 
person 2472.09 964.24 2499.89 1044.74 
person 2466.58 959.77 2489.45 1025.37 
person 2644.93 957.93 2669.62 1007.93 
person 2790.71 948.35 2818.24 1026.23 
