person 2504.92 956.54 2517.51 984.55 
person 631.33 977.04 672.20 1019.54 
person 490.10 967.73 537.30 1096.55 
person 2910.42 954.12 2937.99 1019.05 
person 2046.58 966.60 2065.58 1019.69 
person 2153.28 965.21 2178.80 1031.80 
person 2725.86 952.20 2750.58 1021.90 
person 2885.98 953.50 2919.10 1032.80 
person 979.41 972.51 1013.09 1071.23 
person 293.52 953.28 334.67 1072.36 
person 370.57 957.18 412.46 1088.12 
person 2470.20 964.45 2496.93 1044.95 
person 2644.03 957.98 2668.90 1008.00 
person 2789.66 948.28 2817.20 1026.16 
