person 2504.75 956.47 2517.35 984.48 
person 631.56 977.11 672.44 1019.61 
person 490.23 967.74 537.43 1096.56 
person 2910.25 954.14 2937.83 1019.08 
person 2047.31 966.70 2066.31 1019.79 
person 2154.28 965.21 2179.79 1031.80 
person 2725.59 952.24 2750.37 1022.42 
person 2886.71 953.40 2919.83 1032.70 
person 979.52 972.54 1013.20 1071.26 
person 293.69 953.28 334.84 1072.36 
person 370.93 957.23 412.82 1088.16 
person 2467.69 964.60 2496.14 1045.10 
person 2642.52 957.98 2667.40 1008.00 
person 2787.30 948.28 2814.84 1026.16 
