person 2504.59 956.40 2517.18 984.42 
person 631.80 977.17 672.67 1019.67 
person 490.36 967.75 537.56 1096.56 
person 2910.09 954.17 2937.67 1019.11 
person 2048.04 966.80 2067.04 1019.89 
person 2155.27 965.21 2180.78 1031.80 
person 2725.32 952.29 2750.17 1022.94 
person 2887.44 953.30 2920.55 1032.60 
person 979.63 972.56 1013.32 1071.28 
person 293.85 953.28 335.01 1072.36 
person 371.29 957.27 413.18 1088.21 
person 2465.18 964.74 2495.35 1045.24 
person 2641.02 957.98 2665.89 1008.00 
person 2784.93 948.28 2812.47 1026.16 
