person 2504.26 956.27 2516.85 984.28 
person 632.27 977.30 673.15 1019.80 
person 490.63 967.77 537.83 1096.58 
person 2909.77 954.23 2937.34 1019.16 
person 2049.49 967.00 2068.49 1020.09 
person 2157.25 965.21 2182.77 1031.80 
person 2724.78 952.38 2749.76 1023.98 
person 2888.89 953.10 2922.01 1032.40 
person 979.86 972.61 1013.54 1071.32 
person 294.19 953.28 335.34 1072.36 
person 372.01 957.35 413.89 1088.29 
person 2460.17 965.03 2493.78 1045.53 
person 2638.01 957.98 2662.88 1008.00 
person 2780.20 948.28 2807.74 1026.16 
