person 2503.93 956.14 2516.52 984.15 
person 632.75 977.43 673.62 1019.93 
person 490.89 967.79 538.09 1096.60 
person 2909.44 954.29 2937.02 1019.22 
person 2050.95 967.19 2069.95 1020.29 
person 2159.24 965.21 2184.75 1031.80 
person 2724.23 952.47 2749.35 1025.03 
person 2890.35 952.91 2923.46 1032.21 
person 980.08 972.65 1013.77 1071.37 
person 294.52 953.28 335.67 1072.36 
person 372.72 957.44 414.61 1088.38 
person 2455.15 965.31 2492.20 1045.81 
person 2635.00 957.98 2659.87 1008.00 
person 2775.47 948.28 2803.01 1026.16 
