person 2524.69 962.56 2536.05 982.71 
person 630.42 970.46 647.93 987.98 
person 551.35 964.35 580.54 1041.54 
person 2507.64 967.06 2526.96 1022.79 
person 2121.06 968.42 2132.09 1009.34 
person 2273.49 965.34 2290.86 1018.58 
person 2716.66 959.97 2734.50 1017.80 
person 2877.33 955.79 2891.39 1000.38 
person 862.77 965.69 889.94 1034.45 
person 422.20 960.38 443.52 1038.86 
person 474.50 960.73 496.87 1037.60 
person 2331.43 965.01 2341.64 1008.44 
person 2435.31 961.54 2457.08 1024.46 
person 2506.72 961.77 2517.91 1000.69 
