person 2503.76 956.07 2516.36 984.08 
person 632.98 977.50 673.86 1020.00 
person 491.02 967.80 538.22 1096.61 
person 2909.28 954.32 2936.85 1019.25 
person 2051.67 967.29 2070.67 1020.39 
person 2160.23 965.21 2185.75 1031.80 
person 2723.96 952.52 2749.15 1025.55 
person 2891.07 952.81 2924.19 1032.11 
person 980.20 972.67 1013.88 1071.39 
person 294.69 953.28 335.84 1072.36 
person 373.08 957.48 414.97 1088.42 
person 2452.54 965.38 2489.90 1045.44 
person 2468.85 959.77 2491.30 1025.37 
person 2633.40 958.10 2658.65 1008.30 
person 2773.69 948.09 2801.97 1025.97 
