person 2503.43 955.94 2516.03 983.95 
person 633.45 977.62 674.33 1020.12 
person 491.29 967.81 538.49 1096.63 
person 2908.95 954.37 2936.53 1019.31 
person 2053.13 967.49 2072.13 1020.59 
person 2162.21 965.21 2187.73 1031.80 
person 2723.42 952.61 2748.74 1026.59 
person 2892.53 952.61 2925.65 1031.91 
person 980.42 972.72 1014.11 1071.44 
person 295.02 953.28 336.17 1072.36 
person 373.80 957.57 415.69 1088.51 
person 2447.33 965.50 2485.30 1044.69 
person 2469.38 959.77 2491.83 1025.37 
person 2630.21 958.34 2656.21 1008.90 
person 2770.13 947.72 2799.88 1025.60 
