person 2503.10 955.81 2515.69 983.82 
person 633.93 977.75 674.80 1020.25 
person 491.55 967.83 538.75 1096.64 
person 2908.63 954.43 2936.20 1019.36 
person 2054.58 967.69 2073.58 1020.78 
person 2164.20 965.21 2189.72 1031.80 
person 2722.88 952.70 2748.33 1027.63 
person 2893.98 952.41 2927.10 1031.71 
person 980.65 972.76 1014.33 1071.48 
person 295.35 953.28 336.51 1072.36 
person 374.51 957.66 416.40 1088.59 
person 2442.11 965.62 2480.70 1043.95 
person 2469.91 959.77 2492.36 1025.37 
person 2627.01 958.59 2653.76 1009.50 
person 2766.57 947.36 2797.79 1025.24 
