person 2502.93 955.74 2515.53 983.75 
person 634.16 977.82 675.04 1020.32 
person 491.68 967.84 538.88 1096.65 
person 2908.47 954.46 2936.04 1019.39 
person 2055.31 967.79 2074.31 1020.88 
person 2165.19 965.21 2190.71 1031.80 
person 2722.60 952.74 2748.13 1028.15 
person 2894.71 952.31 2927.83 1031.61 
person 980.76 972.79 1014.45 1071.51 
person 295.52 953.28 336.67 1072.36 
person 374.87 957.70 416.76 1088.63 
person 2439.51 965.68 2478.40 1043.57 
person 2470.18 959.77 2492.62 1025.37 
person 2625.42 958.71 2652.54 1009.80 
person 2764.78 947.17 2796.74 1025.05 
