person 2502.68 955.69 2515.27 983.70 
person 634.64 977.95 675.51 1020.45 
person 491.94 967.86 539.14 1096.67 
person 2908.30 954.49 2935.88 1019.42 
person 2056.54 968.03 2077.05 1021.13 
person 2166.18 965.21 2193.63 1031.80 
person 2722.06 952.83 2747.72 1029.19 
person 2895.99 952.25 2928.28 1031.55 
person 981.35 972.73 1015.03 1071.45 
person 295.86 953.28 337.01 1072.36 
person 375.59 957.78 417.48 1088.72 
person 2437.37 965.82 2471.63 1043.70 
person 2470.44 959.77 2493.54 1026.94 
person 2623.82 958.69 2649.88 1009.96 
person 2762.36 947.20 2794.38 1025.08 
