person 2502.58 955.70 2515.18 983.71 
person 634.87 978.01 675.75 1020.51 
person 492.08 967.87 539.28 1096.68 
person 2908.30 954.49 2935.88 1019.42 
person 2057.04 968.18 2079.06 1021.27 
person 2166.18 965.21 2195.57 1031.80 
person 2721.79 952.88 2747.52 1029.72 
person 2896.54 952.29 2928.00 1031.59 
person 981.82 972.65 1015.50 1071.37 
person 296.02 953.28 337.17 1072.36 
person 375.95 957.83 417.84 1088.76 
person 2437.83 965.89 2467.17 1044.20 
person 2470.44 959.77 2494.19 1028.51 
person 2623.82 958.55 2648.45 1009.81 
person 2761.71 947.42 2793.07 1025.30 
