person 2502.49 955.71 2515.08 983.72 
person 635.11 978.08 675.99 1020.58 
person 492.21 967.88 539.41 1096.69 
person 2908.30 954.49 2935.88 1019.42 
person 2057.54 968.32 2081.07 1021.41 
person 2166.18 965.21 2197.50 1031.80 
person 2721.52 952.92 2747.31 1030.24 
person 2897.09 952.33 2927.72 1031.63 
person 982.28 972.57 1015.97 1071.29 
person 296.19 953.28 337.34 1072.36 
person 376.31 957.87 418.19 1088.81 
person 2438.30 965.96 2462.70 1044.70 
person 2470.44 959.77 2494.84 1030.08 
person 2623.82 958.41 2647.01 1009.67 
person 2761.07 947.63 2791.75 1025.51 
