person 2502.30 955.73 2514.90 983.74 
person 635.58 978.21 676.46 1020.71 
person 492.47 967.89 539.67 1096.71 
person 2908.30 954.49 2935.88 1019.42 
person 2058.55 968.60 2085.09 1021.70 
person 2166.18 965.21 2201.37 1031.80 
person 2720.97 953.01 2746.90 1031.28 
person 2898.19 952.41 2927.17 1031.71 
person 983.22 972.42 1016.91 1071.14 
person 296.52 953.28 337.67 1072.36 
person 377.02 957.96 418.91 1088.89 
person 2429.34 966.10 2459.77 1045.70 
person 2470.44 959.77 2496.15 1033.23 
person 2623.82 958.12 2644.14 1009.38 
person 2759.78 948.06 2789.12 1025.94 
