person 2502.12 955.75 2514.71 983.76 
person 636.06 978.33 676.93 1020.83 
person 492.73 967.91 539.93 1096.72 
person 2059.88 969.21 2087.22 1021.84 
person 2166.18 965.21 2201.92 1031.80 
person 2720.21 953.03 2746.21 1031.77 
person 2899.30 952.48 2926.61 1031.78 
person 984.16 972.26 1017.84 1070.98 
person 296.86 953.28 338.01 1072.36 
person 377.74 958.04 419.63 1088.98 
person 2420.68 966.61 2455.93 1046.63 
person 2470.30 959.77 2496.91 1035.21 
person 2623.17 957.98 2642.05 1009.24 
person 2757.93 948.45 2786.60 1026.33 
