person 2502.02 955.76 2514.62 983.77 
person 636.29 978.40 677.17 1020.90 
person 492.86 967.92 540.06 1096.73 
person 2060.70 969.67 2087.35 1021.84 
person 2166.18 965.21 2200.54 1031.80 
person 2719.73 953.00 2745.72 1031.74 
person 2899.85 952.52 2926.33 1031.82 
person 984.63 972.18 1018.31 1070.90 
person 297.02 953.28 338.17 1072.36 
person 378.10 958.09 419.99 1089.02 
person 2416.50 967.04 2453.57 1047.06 
person 2470.15 959.77 2497.01 1035.63 
person 2622.53 957.98 2641.41 1009.24 
person 2756.72 948.62 2785.39 1026.50 
