person 2501.93 955.77 2514.52 983.78 
person 636.53 978.46 677.40 1020.96 
person 493.00 967.93 540.20 1096.74 
person 2061.53 970.13 2087.47 1021.84 
person 2166.18 965.21 2199.16 1031.80 
person 2719.24 952.97 2745.23 1031.71 
person 2900.40 952.56 2926.06 1031.86 
person 985.10 972.10 1018.78 1070.82 
person 297.19 953.28 338.34 1072.36 
person 378.46 958.13 420.34 1089.06 
person 2414.78 966.61 2451.85 1046.63 
person 2470.00 959.77 2497.12 1036.04 
person 2619.52 957.69 2638.40 1008.95 
person 2755.52 948.79 2784.19 1026.67 
