person 2501.84 955.78 2514.43 983.79 
person 636.77 978.53 677.64 1021.03 
person 493.13 967.94 540.33 1096.75 
person 2062.36 970.59 2087.59 1021.84 
person 2166.18 965.21 2197.78 1031.80 
person 2718.75 952.94 2744.74 1031.68 
person 2900.95 952.60 2925.78 1031.90 
person 985.57 972.03 1019.25 1070.74 
person 297.36 953.28 338.51 1072.36 
person 378.81 958.17 420.70 1089.11 
person 2413.06 966.18 2450.13 1046.20 
person 2469.86 959.77 2497.23 1036.46 
person 2616.51 957.40 2635.39 1008.67 
person 2754.32 948.96 2782.98 1026.84 
