person 2501.74 955.79 2514.34 983.80 
person 637.00 978.59 677.88 1021.09 
person 493.26 967.95 540.46 1096.76 
person 2063.18 971.05 2087.71 1021.84 
person 2166.18 965.21 2196.40 1031.80 
person 2718.26 952.91 2744.26 1031.65 
person 2901.50 952.64 2925.50 1031.94 
person 986.04 971.95 1019.72 1070.67 
person 297.52 953.28 338.67 1072.36 
person 379.17 958.21 421.06 1089.15 
person 2411.34 965.75 2448.41 1045.77 
person 2469.71 959.77 2497.34 1036.87 
person 2613.50 957.12 2632.38 1008.38 
person 2753.11 949.14 2781.78 1027.02 
