person 2501.65 955.80 2514.24 983.81 
person 637.24 978.66 678.11 1021.16 
person 493.98 967.92 541.18 1096.74 
person 2064.01 971.51 2087.84 1021.84 
person 2167.52 965.64 2197.74 1032.23 
person 2717.77 952.88 2743.77 1031.62 
person 2901.64 952.71 2925.64 1032.01 
person 986.28 971.95 1019.97 1070.67 
person 297.88 953.68 339.03 1072.76 
person 379.53 958.26 421.42 1089.19 
person 2409.78 966.03 2445.26 1046.06 
person 2469.57 959.77 2497.44 1037.29 
person 2612.30 957.55 2631.69 1008.81 
person 2751.96 949.09 2780.63 1026.97 
