person 2501.46 955.82 2514.06 983.83 
person 637.71 978.79 678.59 1021.29 
person 495.41 967.88 542.61 1096.69 
person 2065.66 972.44 2088.08 1021.84 
person 2170.20 966.50 2200.41 1033.09 
person 2716.79 952.82 2742.79 1031.56 
person 2901.91 952.85 2925.91 1032.15 
person 986.78 971.95 1020.46 1070.67 
person 298.60 954.49 339.75 1073.57 
person 380.25 958.34 422.14 1089.28 
person 2406.67 966.61 2438.95 1046.63 
person 2469.27 959.77 2497.66 1038.11 
person 2609.91 958.41 2630.32 1009.67 
person 2749.66 949.00 2778.32 1026.88 
