person 2501.37 955.83 2513.97 983.84 
person 637.95 978.85 678.82 1021.35 
person 496.13 967.86 543.33 1096.67 
person 2066.49 972.90 2088.21 1021.84 
person 2171.54 966.93 2201.75 1033.52 
person 2716.30 952.79 2742.30 1031.53 
person 2902.05 952.92 2926.05 1032.22 
person 987.02 971.95 1020.71 1070.67 
person 298.96 954.89 340.11 1073.97 
person 380.61 958.39 422.49 1089.32 
person 2405.11 966.89 2435.80 1046.92 
person 2469.13 959.77 2497.76 1038.53 
person 2608.72 958.84 2629.63 1010.10 
person 2748.50 948.95 2777.17 1026.83 
