person 2501.28 955.84 2513.87 983.85 
person 638.18 978.92 679.06 1021.41 
person 496.85 967.83 544.05 1096.65 
person 2067.31 973.36 2088.33 1021.84 
person 2172.87 967.36 2203.09 1033.95 
person 2715.81 952.76 2741.81 1031.50 
person 2902.19 952.99 2926.19 1032.29 
person 987.27 971.95 1020.95 1070.67 
person 299.32 955.30 340.47 1074.38 
person 380.96 958.43 422.85 1089.37 
person 2403.56 967.18 2432.65 1047.20 
person 2468.98 959.77 2497.87 1038.94 
person 2607.53 959.27 2628.95 1010.53 
person 2747.35 948.91 2776.02 1026.79 
