person 2501.18 955.85 2513.78 983.86 
person 638.42 978.98 679.30 1021.48 
person 497.57 967.81 544.77 1096.62 
person 2068.14 973.82 2088.45 1021.84 
person 2174.21 967.79 2204.43 1034.38 
person 2715.33 952.73 2741.32 1031.47 
person 2902.33 953.06 2926.33 1032.36 
person 987.52 971.95 1021.20 1070.67 
person 299.68 955.70 340.83 1074.78 
person 381.32 958.47 423.21 1089.41 
person 2402.00 967.46 2429.50 1047.49 
person 2468.84 959.77 2497.98 1039.36 
person 2606.33 959.70 2628.26 1010.96 
person 2746.20 948.86 2774.87 1026.74 
