person 2501.09 955.86 2513.69 983.87 
person 638.66 979.04 679.53 1021.54 
person 498.29 967.79 545.49 1096.60 
person 2068.97 974.28 2088.58 1021.84 
person 2175.55 968.22 2205.77 1034.81 
person 2714.84 952.70 2740.83 1031.45 
person 2902.47 953.13 2926.47 1032.43 
person 987.76 971.95 1021.45 1070.67 
person 300.04 956.11 341.19 1075.18 
person 381.68 958.52 423.57 1089.45 
person 2398.81 967.75 2429.50 1047.78 
person 2468.69 959.77 2498.09 1039.77 
person 2605.14 960.13 2627.57 1011.39 
person 2745.05 948.81 2773.72 1026.69 
