person 2501.00 955.87 2513.59 983.88 
person 638.89 979.11 679.77 1021.61 
person 499.00 967.77 546.20 1096.58 
person 2069.79 974.74 2088.70 1021.84 
person 2176.89 968.65 2207.10 1035.24 
person 2714.35 952.67 2740.35 1031.42 
person 2902.61 953.19 2926.61 1032.49 
person 988.01 971.95 1021.69 1070.67 
person 300.39 956.51 341.55 1075.59 
person 382.04 958.56 423.93 1089.49 
person 2395.61 968.04 2429.49 1048.06 
person 2468.55 959.77 2498.19 1040.19 
person 2603.94 960.56 2626.89 1011.82 
person 2743.90 948.77 2772.57 1026.65 
