person 2500.90 955.88 2513.50 983.89 
person 639.13 979.17 680.01 1021.67 
person 499.72 967.74 546.92 1096.56 
person 2070.62 975.20 2088.82 1021.84 
person 2178.22 969.08 2208.44 1035.67 
person 2713.86 952.64 2739.86 1031.39 
person 2902.74 953.26 2926.74 1032.56 
person 988.26 971.95 1021.94 1070.67 
person 300.75 956.91 341.90 1075.99 
person 382.40 958.60 424.29 1089.54 
person 2392.42 968.32 2429.49 1048.35 
person 2468.40 959.77 2498.30 1040.60 
person 2602.75 960.99 2626.20 1012.25 
person 2742.74 948.72 2771.41 1026.60 
