person 2500.35 955.88 2512.68 983.89 
person 639.84 979.37 680.72 1021.87 
person 501.87 967.68 549.07 1096.49 
person 2072.38 974.79 2090.58 1021.95 
person 2182.55 969.03 2210.20 1035.62 
person 2713.12 952.64 2737.83 1031.39 
person 2901.41 953.13 2925.41 1032.43 
person 989.00 971.95 1022.68 1070.67 
person 301.83 958.12 342.98 1077.20 
person 383.47 958.73 425.36 1089.67 
person 2385.43 967.40 2423.56 1047.43 
person 2468.73 959.77 2497.74 1040.60 
person 2597.39 960.80 2621.74 1012.05 
person 2742.10 949.79 2770.25 1026.60 
