person 2500.16 955.88 2512.41 983.89 
person 640.08 979.43 680.95 1021.93 
person 502.59 967.65 549.79 1096.47 
person 2072.97 974.66 2091.17 1021.99 
person 2183.99 969.01 2210.79 1035.60 
person 2712.87 952.64 2737.15 1031.39 
person 2900.97 953.09 2924.97 1032.39 
person 989.25 971.95 1022.93 1070.67 
person 302.19 958.53 343.34 1077.61 
person 383.83 958.77 425.72 1089.71 
person 2383.10 967.10 2421.58 1047.12 
person 2468.84 959.77 2497.56 1040.60 
person 2595.60 960.73 2620.26 1011.98 
person 2741.89 950.14 2769.87 1026.60 
