person 2499.98 955.88 2512.14 983.89 
person 640.31 979.50 681.19 1022.00 
person 503.31 967.63 550.51 1096.44 
person 2073.55 974.52 2091.75 1022.02 
person 2185.43 968.99 2211.37 1035.58 
person 2712.62 952.64 2736.48 1031.39 
person 2900.52 953.04 2924.52 1032.34 
person 989.49 971.95 1023.18 1070.67 
person 302.55 958.93 343.70 1078.01 
person 384.19 958.82 426.08 1089.75 
person 2380.76 966.79 2419.60 1046.81 
person 2468.95 959.77 2497.37 1040.60 
person 2593.82 960.67 2618.77 1011.91 
person 2741.68 950.50 2769.48 1026.60 
