person 2499.79 955.88 2511.87 983.89 
person 640.55 979.56 681.42 1022.06 
person 504.03 967.61 551.23 1096.42 
person 2074.14 974.39 2092.34 1022.06 
person 2186.87 968.98 2211.96 1035.56 
person 2712.38 952.64 2735.80 1031.39 
person 2900.08 953.00 2924.08 1032.30 
person 989.74 971.95 1023.42 1070.67 
person 302.91 959.34 344.06 1078.41 
person 384.55 958.86 426.44 1089.80 
person 2378.43 966.48 2417.62 1046.51 
person 2469.05 959.77 2497.19 1040.60 
person 2592.03 960.61 2617.29 1011.84 
person 2741.46 950.86 2769.09 1026.60 
