person 2499.42 955.88 2511.33 983.89 
person 641.02 979.69 681.90 1022.19 
person 505.46 967.56 552.66 1096.38 
person 2075.31 974.11 2093.51 1022.13 
person 2189.75 968.94 2213.13 1035.53 
person 2711.88 952.64 2734.45 1031.39 
person 2899.19 952.91 2923.19 1032.21 
person 990.23 971.95 1023.92 1070.67 
person 303.63 960.14 344.78 1079.22 
person 385.26 958.95 427.15 1089.88 
person 2375.79 965.87 2412.29 1045.89 
person 2469.27 959.77 2496.81 1040.60 
person 2588.46 960.48 2614.31 1011.70 
person 2741.04 951.57 2768.32 1026.60 
