person 2499.24 955.88 2511.06 983.89 
person 641.26 979.75 682.13 1022.25 
person 506.18 967.54 553.38 1096.35 
person 2075.90 973.98 2094.10 1022.16 
person 2191.19 968.92 2213.72 1035.51 
person 2711.64 952.64 2733.78 1031.39 
person 2898.75 952.86 2922.75 1032.16 
person 990.48 971.95 1024.16 1070.67 
person 303.98 960.55 345.14 1079.62 
person 385.62 958.99 427.51 1089.92 
person 2375.47 965.56 2408.92 1045.58 
person 2469.38 959.77 2496.63 1040.60 
person 2586.67 960.42 2612.83 1011.64 
person 2740.82 951.92 2767.93 1026.60 
