person 2499.05 955.88 2510.79 983.89 
person 641.50 979.82 682.37 1022.32 
person 506.90 967.52 554.10 1096.33 
person 2076.49 973.84 2094.69 1022.20 
person 2192.64 968.91 2214.31 1035.49 
person 2711.39 952.64 2733.10 1031.39 
person 2898.30 952.82 2922.30 1032.12 
person 990.73 971.95 1024.41 1070.67 
person 304.34 960.95 345.49 1080.03 
person 385.98 959.03 427.87 1089.97 
person 2375.16 965.25 2405.56 1045.28 
person 2469.49 959.77 2496.44 1040.60 
person 2584.89 960.35 2611.34 1011.57 
person 2740.61 952.28 2767.55 1026.60 
