person 2498.87 955.88 2510.51 983.89 
person 641.73 979.88 682.61 1022.38 
person 507.62 967.50 554.82 1096.31 
person 2077.07 973.71 2095.27 1022.23 
person 2194.08 968.89 2214.89 1035.47 
person 2711.14 952.64 2732.43 1031.39 
person 2897.86 952.77 2921.86 1032.07 
person 990.97 971.95 1024.66 1070.67 
person 304.70 961.36 345.85 1080.43 
person 386.34 959.07 428.23 1090.01 
person 2374.84 964.95 2402.20 1044.97 
person 2469.60 959.77 2496.26 1040.60 
person 2583.10 960.29 2609.86 1011.50 
person 2740.40 952.63 2767.16 1026.60 
