person 2498.68 955.88 2510.24 983.89 
person 641.97 979.95 682.84 1022.45 
person 508.34 967.47 555.54 1096.29 
person 2077.66 973.57 2095.86 1022.27 
person 2195.52 968.87 2215.48 1035.45 
person 2710.89 952.64 2731.75 1031.39 
person 2897.41 952.73 2921.41 1032.03 
person 991.22 971.95 1024.90 1070.67 
person 305.06 961.76 346.21 1080.84 
person 386.70 959.12 428.59 1090.05 
person 2374.53 964.64 2402.07 1044.66 
person 2470.53 959.77 2496.07 1040.60 
person 2582.91 960.23 2608.37 1011.75 
person 2740.18 952.99 2766.77 1026.60 
