person 2498.50 955.88 2509.97 983.89 
person 642.20 980.01 683.08 1022.51 
person 509.05 967.45 556.25 1096.26 
person 2078.25 973.44 2096.45 1022.30 
person 2196.96 968.85 2216.07 1035.44 
person 2710.65 952.64 2731.08 1031.39 
person 2896.97 952.69 2920.97 1031.99 
person 991.47 971.95 1025.15 1070.67 
person 305.42 962.16 346.57 1081.24 
person 387.05 959.16 428.94 1090.10 
person 2374.21 964.33 2401.93 1044.36 
person 2471.47 959.77 2495.89 1040.60 
person 2582.73 960.16 2606.89 1012.00 
person 2739.97 953.34 2766.39 1026.60 
