person 2498.31 955.88 2509.70 983.89 
person 642.44 980.08 683.32 1022.58 
person 509.77 967.43 556.97 1096.24 
person 2869.76 955.60 2895.10 1027.15 
person 2078.83 973.30 2097.03 1022.34 
person 2198.40 968.83 2216.65 1035.42 
person 2710.40 952.64 2730.40 1031.39 
person 2896.52 952.64 2920.52 1031.94 
person 991.71 971.95 1025.40 1070.67 
person 305.78 962.57 346.93 1081.64 
person 387.41 959.20 429.30 1090.14 
person 2373.90 964.03 2401.80 1044.05 
person 2472.40 959.77 2495.70 1040.60 
person 2582.54 960.10 2605.40 1012.25 
person 2739.76 953.70 2766.00 1026.60 
