person 2498.31 955.88 2509.70 983.89 
person 642.44 980.08 683.32 1022.58 
person 509.77 967.43 556.97 1096.24 
person 2866.60 955.60 2891.95 1027.15 
person 2081.41 973.30 2101.63 1023.21 
person 2198.68 968.26 2218.95 1034.85 
person 2708.68 953.22 2728.68 1031.96 
person 2895.38 952.64 2919.38 1031.94 
person 991.71 971.95 1025.40 1070.67 
person 305.78 962.57 346.93 1081.64 
person 387.41 959.20 429.30 1090.14 
person 2367.88 964.31 2393.73 1044.34 
person 2474.36 960.61 2497.66 1041.44 
person 2577.38 960.10 2600.24 1012.25 
person 2738.86 953.34 2765.10 1026.24 
