person 2498.31 955.88 2509.70 983.89 
person 642.44 980.08 683.32 1022.58 
person 509.77 967.43 556.97 1096.24 
person 2865.34 955.60 2890.69 1027.15 
person 2082.45 973.30 2103.46 1023.55 
person 2198.79 968.03 2219.86 1034.63 
person 2707.99 953.45 2727.99 1032.19 
person 2894.92 952.64 2918.92 1031.94 
person 991.71 971.95 1025.40 1070.67 
person 305.78 962.57 346.93 1081.64 
person 387.41 959.20 429.30 1090.14 
person 2365.47 964.43 2390.50 1044.45 
person 2475.15 960.95 2498.45 1041.78 
person 2575.31 960.10 2598.18 1012.25 
person 2738.50 953.20 2764.74 1026.10 
