person 2498.31 955.88 2509.70 983.89 
person 642.44 980.08 683.32 1022.58 
person 509.77 967.43 556.97 1096.24 
person 2864.71 955.60 2890.05 1027.15 
person 2082.96 973.30 2104.38 1023.73 
person 2198.84 967.92 2220.32 1034.51 
person 2707.65 953.56 2727.65 1032.30 
person 2894.69 952.64 2918.69 1031.94 
person 991.71 971.95 1025.40 1070.67 
person 305.78 962.57 346.93 1081.64 
person 387.41 959.20 429.30 1090.14 
person 2364.27 964.48 2390.73 1044.51 
person 2475.54 961.11 2498.84 1041.95 
person 2574.28 960.10 2597.14 1012.25 
person 2738.32 953.13 2764.57 1026.03 
