person 2498.31 955.88 2509.70 983.89 
person 642.44 980.08 683.32 1022.58 
person 509.77 967.43 556.97 1096.24 
person 2864.08 955.60 2889.42 1027.15 
person 2083.48 973.30 2105.30 1023.90 
person 2203.94 967.24 2225.82 1033.84 
person 2707.30 953.68 2727.31 1032.42 
person 2894.46 952.64 2918.46 1031.94 
person 991.71 971.95 1025.40 1070.67 
person 305.78 962.57 346.93 1081.64 
person 387.41 959.20 429.30 1090.14 
person 2359.51 965.10 2384.05 1044.00 
person 2476.32 961.45 2499.62 1042.28 
person 2573.61 956.88 2596.47 1009.03 
person 2737.96 952.98 2764.21 1025.89 
