person 625.25 970.46 642.76 987.98 
person 541.61 965.57 570.80 1042.75 
person 2513.27 967.06 2532.59 1022.79 
person 2123.81 968.42 2133.01 1009.34 
person 2286.07 965.74 2301.48 1018.98 
person 2720.22 959.03 2738.06 1016.87 
person 2883.86 955.79 2897.92 1000.38 
person 851.81 968.01 873.86 1036.76 
person 417.05 959.73 438.70 1038.22 
person 465.39 960.73 488.05 1037.60 
person 2339.58 965.01 2350.25 1008.44 
person 2440.76 961.12 2462.53 1024.04 
person 2500.81 961.77 2513.43 1000.69 
person 2893.96 956.46 2902.87 982.27 
person 463.82 960.73 486.52 1037.60 
