person 625.43 970.46 642.94 987.98 
person 541.99 965.63 571.18 1042.81 
person 2512.66 967.06 2531.98 1022.79 
person 2123.67 968.42 2132.87 1009.34 
person 2285.90 965.74 2301.31 1018.98 
person 2719.97 959.03 2737.80 1016.87 
person 2883.75 955.79 2897.80 1000.38 
person 852.41 967.91 874.47 1036.66 
person 416.77 959.73 438.67 1038.21 
person 465.71 960.73 488.35 1037.60 
person 2339.46 965.01 2350.13 1008.44 
person 2440.59 961.12 2462.36 1024.04 
person 2500.90 961.77 2513.52 1000.69 
person 2893.73 956.46 2902.64 982.27 
