person 625.61 970.46 643.12 987.98 
person 542.37 965.68 571.55 1042.87 
person 2512.05 967.06 2531.37 1022.79 
person 2123.53 968.42 2132.73 1009.34 
person 2285.73 965.74 2301.14 1018.98 
person 2719.72 959.03 2737.55 1016.87 
person 2883.63 955.79 2897.68 1000.38 
person 853.02 967.81 875.07 1036.56 
person 416.50 959.72 438.64 1038.20 
person 466.02 960.73 488.65 1037.60 
person 2339.35 965.01 2350.02 1008.44 
person 2440.42 961.12 2462.19 1024.04 
person 2500.99 961.77 2513.60 1000.69 
person 2893.49 956.46 2902.41 982.27 
