person 2515.92 958.66 2524.97 980.80 
person 662.22 970.61 695.30 993.25 
person 583.12 964.23 612.31 1041.42 
person 2520.71 965.45 2540.03 1021.17 
person 2118.39 969.57 2130.13 1010.48 
person 2263.20 964.59 2276.47 1017.83 
person 2709.52 958.66 2733.14 1017.58 
person 2879.45 955.66 2898.89 999.69 
person 905.26 968.15 934.62 1040.39 
person 439.70 958.20 460.14 1036.69 
person 495.57 959.76 519.07 1039.25 
person 2333.79 965.01 2347.49 1008.44 
person 2466.00 960.63 2483.45 1022.65 
person 2539.42 962.50 2552.77 998.17 
