person 2513.51 958.71 2522.84 982.47 
person 665.32 971.04 698.82 993.67 
person 584.95 964.23 614.14 1041.42 
person 2522.13 965.32 2541.45 1021.04 
person 2117.79 969.57 2129.53 1010.48 
person 2262.52 964.59 2275.71 1017.83 
person 2709.52 958.66 2733.16 1017.37 
person 2879.72 955.56 2899.74 999.16 
person 909.34 968.01 938.70 1040.25 
person 441.81 957.78 462.25 1036.26 
person 496.79 959.65 521.19 1041.12 
person 2333.48 965.01 2347.17 1008.44 
person 2465.60 961.30 2483.69 1022.65 
person 2540.87 962.15 2555.87 997.82 
