person 2512.71 958.73 2522.13 983.03 
person 666.36 971.18 699.99 993.81 
person 585.56 964.23 614.75 1041.42 
person 2522.61 965.27 2541.93 1021.00 
person 2117.59 969.57 2129.33 1010.48 
person 2262.30 964.59 2275.45 1017.83 
person 2709.52 958.66 2733.17 1017.30 
person 2879.81 955.53 2900.03 998.98 
person 910.70 967.97 940.06 1040.21 
person 442.52 957.64 462.95 1036.12 
person 497.20 959.61 521.90 1041.74 
person 2333.37 965.01 2347.07 1008.44 
person 2465.47 961.53 2483.76 1022.65 
person 2541.35 962.03 2556.91 997.70 
