person 2511.91 958.75 2521.42 983.58 
person 667.39 971.32 701.16 993.96 
person 586.17 964.23 615.36 1041.42 
person 2523.08 965.23 2542.40 1020.96 
person 2117.39 969.57 2129.13 1010.48 
person 2262.07 964.59 2275.19 1017.83 
person 2709.52 958.66 2733.18 1017.24 
person 2879.90 955.50 2900.31 998.80 
person 912.06 967.92 941.42 1040.16 
person 443.22 957.50 463.65 1035.98 
person 497.61 959.58 522.61 1042.36 
person 2333.27 965.01 2346.97 1008.44 
person 2465.34 961.75 2483.84 1022.65 
person 2541.83 961.92 2557.94 997.58 
