person 625.96 970.46 643.47 987.98 
person 543.13 965.80 572.31 1042.99 
person 2510.84 967.06 2530.16 1022.79 
person 2123.10 968.42 2132.30 1009.34 
person 2285.21 965.74 2300.62 1018.98 
person 2719.32 959.08 2737.16 1016.91 
person 2883.40 955.79 2897.45 1000.38 
person 853.62 967.71 876.96 1036.46 
person 415.95 959.71 438.58 1038.19 
person 466.65 960.73 489.26 1037.60 
person 2339.11 965.01 2349.78 1008.44 
person 2439.73 961.12 2461.50 1024.04 
person 2501.16 961.77 2513.78 1000.69 
person 2892.85 956.37 2901.76 982.18 
