person 2510.30 958.78 2520.00 984.70 
person 669.46 971.60 703.50 994.24 
person 587.39 964.23 616.57 1041.42 
person 2524.04 965.14 2543.35 1020.87 
person 2116.99 969.57 2128.73 1010.48 
person 2261.62 964.59 2274.68 1017.83 
person 2709.52 958.66 2733.20 1017.10 
person 2880.55 955.18 2898.35 998.70 
person 914.78 967.83 944.14 1040.07 
person 444.63 957.22 465.06 1035.70 
person 498.43 959.50 524.02 1043.60 
person 2333.06 965.01 2346.76 1008.44 
person 2465.08 962.20 2484.00 1022.65 
person 2542.80 961.68 2560.01 997.34 
