person 2510.14 958.80 2519.84 984.72 
person 671.11 971.60 705.15 994.24 
person 588.71 964.64 617.90 1041.83 
person 2524.61 965.09 2543.93 1020.82 
person 2116.27 969.57 2128.51 1010.48 
person 2261.40 964.59 2274.43 1017.83 
person 2709.67 958.07 2733.35 1017.10 
person 2880.88 955.02 2897.38 998.65 
person 916.16 968.02 945.52 1040.26 
person 444.88 957.46 466.79 1037.68 
person 498.84 959.46 524.73 1044.22 
person 2332.96 965.01 2346.66 1008.44 
person 2465.66 962.20 2484.58 1022.65 
person 2543.96 961.68 2561.16 997.34 
