person 2509.98 958.82 2519.68 984.74 
person 672.76 971.60 706.80 994.24 
person 590.03 965.06 619.22 1042.24 
person 2525.18 965.04 2544.50 1020.76 
person 2115.55 969.57 2128.28 1010.48 
person 2261.17 964.59 2274.17 1017.83 
person 2709.82 957.48 2733.50 1017.10 
person 2881.20 954.85 2896.40 998.60 
person 917.54 968.22 946.90 1040.45 
person 445.14 957.71 468.52 1039.66 
person 499.24 959.43 525.44 1044.84 
person 2332.85 965.01 2346.55 1008.44 
person 2466.23 962.20 2485.16 1022.65 
person 2545.11 961.68 2562.32 997.34 
