person 2509.65 958.86 2519.36 984.77 
person 676.06 971.60 710.11 994.24 
person 592.67 965.88 621.86 1043.07 
person 2526.33 964.93 2545.65 1020.66 
person 2114.10 969.57 2127.84 1010.48 
person 2260.72 964.59 2273.66 1017.83 
person 2710.12 956.29 2733.79 1017.10 
person 2884.30 954.53 2898.41 997.10 
person 920.30 968.60 949.66 1040.84 
person 445.65 958.21 471.97 1043.62 
person 500.06 959.35 526.86 1046.08 
person 2332.65 965.01 2346.35 1008.44 
person 2467.39 962.20 2486.31 1022.65 
person 2547.42 961.68 2564.63 997.34 
