person 2509.49 958.87 2519.20 984.79 
person 677.72 971.60 711.76 994.24 
person 593.99 966.29 623.18 1043.48 
person 2526.90 964.88 2546.22 1020.60 
person 2113.38 969.57 2127.61 1010.48 
person 2260.50 964.59 2273.40 1017.83 
person 2710.26 955.70 2733.94 1017.10 
person 2884.39 954.37 2899.41 997.35 
person 921.68 968.80 951.04 1041.04 
person 445.90 958.46 473.70 1045.60 
person 500.47 959.32 527.57 1046.70 
person 2332.54 965.01 2346.24 1008.44 
person 2467.97 962.20 2486.89 1022.65 
person 2548.58 961.68 2565.79 997.34 
