person 2509.33 958.89 2519.04 984.81 
person 679.37 971.60 713.41 994.24 
person 595.31 966.71 624.50 1043.89 
person 2527.48 964.82 2546.79 1020.55 
person 2113.16 969.57 2127.89 1010.48 
person 2260.42 964.59 2273.45 1017.83 
person 2710.41 955.90 2734.09 1017.10 
person 2884.49 954.21 2900.42 997.59 
person 924.23 968.56 953.59 1040.79 
person 447.25 958.70 473.21 1043.68 
person 500.88 959.28 528.27 1046.25 
person 2332.44 965.01 2346.14 1008.44 
person 2468.54 962.20 2487.47 1022.65 
person 2549.74 961.68 2566.94 997.34 
