person 2509.01 958.93 2518.71 984.84 
person 682.67 971.60 716.71 994.24 
person 597.95 967.53 627.14 1044.72 
person 2528.62 964.71 2547.94 1020.44 
person 2112.72 969.57 2128.45 1010.48 
person 2260.26 964.59 2273.54 1017.83 
person 2710.71 956.29 2734.39 1017.10 
person 2884.68 953.89 2902.43 998.09 
person 929.32 968.07 958.69 1040.31 
person 449.96 959.20 472.24 1039.85 
person 501.70 959.21 529.69 1045.35 
person 2332.23 965.01 2345.93 1008.44 
person 2469.70 962.20 2488.62 1022.65 
person 2552.05 961.68 2569.26 997.34 
