person 0.99766022 931 966 959 1044 
person 0.67502861 689 973 714 994 
person 0.54641609 512 960 531 990 
person 0.99826469 2259 963 2280 1019 
person 0.99196609 2329 962 2349 1007 
person 0.99170723 2529 965 2550 1020 
person 0.99150635 2110 970 2125 1008 
person 0.98824951 2465 964 2488 1019 
person 0.95721939 2506 956 2516 986 
person 0.6189019 2553 964 2559 1001 
person 0.59666611 2049 973 2091 984 
person 0.99584785 2711 954 2735 1016 
person 0.94430107 2887 952 2902 998 
person 0.60550941 2560 959 2570 995 
