person 0.99657806 933 968 962 1043 
person 0.69957802 691 972 714 994 
person 0.60476704 512 961 531 991 
person 0.99786034 2258 964 2279 1019 
person 0.99447479 2328 963 2348 1008 
person 0.9928717 2530 966 2550 1020 
person 0.99186958 2465 965 2488 1020 
person 0.99179642 2108 969 2125 1009 
person 0.96575195 2505 958 2515 985 
person 0.6896595 2553 963 2559 1003 
person 0.56135422 2050 975 2090 987 
person 0.99730438 2710 954 2736 1016 
person 0.96386887 2887 953 2902 997 
person 0.69253952 2560 960 2571 995 
