person 0.82440125 493 962 511 1024 
person 0.59136765 414 965 455 1048 
person 0.8820993 512 960 536 1023 
person 0.67174988 771 980 797 1029 
person 0.65148094 636 965 676 1105 
person 0.99549988 1091 963 1120 1061 
person 0.9966964 2507 963 2535 1024 
person 0.99558151 2270 966 2308 1024 
person 0.99424774 2364 960 2383 1005 
person 0.97238228 2048 968 2063 1007 
person 0.95405869 2491 955 2503 984 
person 0.99499344 2675 957 2695 1004 
person 0.99125137 2741 956 2766 1011 
person 0.95215973 2787 950 2806 1009 
