person 0.84630547 416 959 460 1018 
person 0.78705757 339 958 379 1055 
person 0.89249794 702 975 729 1019 
person 0.85296402 552 961 599 1107 
person 0.93853081 1040 968 1078 1072 
person 0.60499096 2041 971 2047 1011 
person 0.99766823 2232 961 2260 1025 
person 0.9953698 2401 963 2425 1015 
person 0.99305504 2464 966 2514 1029 
person 0.93471756 2048 968 2066 1014 
person 0.99810562 2739 951 2763 1014 
person 0.99792374 2851 959 2879 1021 
person 0.99637589 2788 951 2813 1014 
person 0.99553314 2692 955 2715 1004 
