person 0.87462448 369 959 404 1018 
person 0.70479286 298 958 333 1011 
person 0.7936528 1007 970 1023 1074 
person 0.73453674 641 974 669 1021 
person 0.52162933 512 970 542 1026 
person 0.98271576 2029 965 2047 1015 
person 0.99868706 2433 959 2463 1025 
person 0.99833771 2180 961 2204 1027 
person 0.98917809 2473 969 2494 1021 
person 0.78964706 2505 954 2516 981 
person 0.99837585 2735 948 2759 1018 
person 0.99627129 2830 953 2858 1025 
person 0.99583748 2907 956 2931 1020 
person 0.99201111 2689 955 2712 1007 
