person 0.80678452 369 960 405 1016 
person 0.56797974 298 959 333 1010 
person 0.96025375 1001 973 1023 1070 
person 0.85496124 641 975 668 1016 
person 0.56097591 512 969 537 1025 
person 0.96773109 2029 965 2047 1015 
person 0.99838135 2435 959 2463 1026 
person 0.99772026 2169 963 2200 1025 
person 0.98425766 2479 968 2503 1023 
person 0.92725082 2508 953 2519 983 
person 0.99809647 2734 950 2759 1017 
person 0.99744965 2834 950 2861 1028 
person 0.9913504 2910 953 2933 1017 
person 0.99014725 2689 954 2708 1007 
