person 0.84091919 368 955 400 1011 
person 0.65182922 291 957 319 1004 
person 0.9984156 976 964 1012 1074 
person 0.89866379 626 971 658 1015 
person 0.65301216 2038 972 2047 1019 
person 0.99932365 2463 955 2490 1027 
person 0.99750298 2147 961 2174 1031 
person 0.99538361 2493 954 2529 1043 
person 0.86485603 2048 963 2056 1016 
person 0.99772354 2800 949 2828 1027 
person 0.99729469 2725 950 2751 1026 
person 0.99603271 2871 952 2897 1029 
person 0.9958683 2922 954 2944 1016 
person 0.98794708 2655 956 2675 1008 
