person 0.62634342 363 954 401 1083 
person 0.58667416 480 959 511 1085 
person 0.55046593 292 958 322 1007 
person 0.99894424 976 964 1011 1075 
person 0.92050674 627 972 658 1017 
person 0.58909161 2043 966 2047 1025 
person 0.99734894 2151 960 2176 1032 
person 0.98344971 2048 968 2065 1019 
person 0.96539017 2466 954 2488 1028 
person 0.91697998 2504 954 2515 981 
person 0.99873917 2723 947 2751 1024 
person 0.99564751 2785 951 2823 1027 
person 0.99494804 2920 953 2943 1017 
person 0.99155731 2884 954 2913 1028 
person 0.99103516 2645 955 2670 1008 
