person 0.83879272 299 959 331 1009 
person 0.70604233 363 962 403 1004 
person 0.994291 983 966 1017 1075 
person 0.93076347 637 974 662 1020 
person 0.52925743 512 968 533 1018 
person 0.99771286 2472 957 2495 1031 
person 0.99742599 2436 964 2465 1043 
person 0.99541603 2058 965 2079 1021 
person 0.99399742 2166 962 2195 1034 
person 0.91773682 2503 955 2514 981 
person 0.99386719 2764 956 2795 1024 
person 0.99205597 2720 947 2746 1022 
person 0.99120934 2625 956 2650 1010 
person 0.97427681 2896 949 2921 1031 
