person 0.72926971 377 967 410 1019 
person 0.54836349 309 962 344 1017 
person 0.97714859 995 973 1021 1071 
person 0.65413033 646 979 677 1026 
person 0.55071606 513 970 543 1023 
person 0.9965596 2390 966 2427 1044 
person 0.99503418 2467 960 2496 1036 
person 0.9914621 2179 967 2209 1036 
person 0.98633873 2070 968 2087 1022 
person 0.81112656 2501 956 2512 982 
person 0.99885574 2710 955 2737 1028 
person 0.99857323 2893 949 2933 1031 
person 0.99766006 2745 954 2770 1026 
person 0.98408195 2598 957 2624 1013 
