person 0.71704628 383 968 418 1025 
person 0.66314575 312 963 347 1019 
person 0.88835228 649 980 682 1030 
person 0.88385185 1001 976 1023 1070 
person 0.65677841 515 973 546 1023 
person 0.9979361 2377 969 2407 1040 
person 0.99783318 2184 966 2212 1036 
person 0.99672005 2467 959 2494 1044 
person 0.99449005 2072 972 2094 1023 
person 0.91433479 2498 956 2509 982 
person 0.99881332 2706 953 2731 1029 
person 0.99802528 2739 955 2767 1024 
person 0.99691277 2893 954 2924 1029 
person 0.99027687 2588 957 2606 1013 
