0, 1, 480, 583, 0, 0, 0, -1, -1, -1
0, 2, 1440, 583, 0, 0, 0, -1, -1, -1
0, 3, 1440, 583, 0, 0, 0, -1, -1, -1
0, 4, 1440, 583, 0, 0, 0, -1, -1, -1
0, 5, 2400, 583, 0, 0, 0, -1, -1, -1
0, 6, 2400, 583, 0, 0, 0, -1, -1, -1
0, 7, 2400, 583, 0, 0, 0, -1, -1, -1
0, 8, 2400, 583, 0, 0, 0, -1, -1, -1
0, 9, 2400, 583, 0, 0, 0, -1, -1, -1
1, 1, 840, 965, 29, 71, 0, -1, -1, -1
1, 2, 2281, 960, 20, 58, 0, -1, -1, -1
2, 1, 844, 967, 29, 71, 0, -1, -1, -1
2, 2, 2281, 960, 20, 58, 0, -1, -1, -1
3, 1, 844, 967, 29, 71, 0, -1, -1, -1
3, 2, 2281, 960, 20, 58, 0, -1, -1, -1
4, 1, 844, 967, 29, 71, 0, -1, -1, -1
4, 2, 2281, 960, 20, 58, 0, -1, -1, -1
5, 2, 2281, 960, 20, 58, 0, -1, -1, -1
6, 1, 844, 965, 29, 71, 0, -1, -1, -1
6, 2, 2281, 960, 20, 58, 0, -1, -1, -1
7, 1, 844, 965, 29, 71, 0, -1, -1, -1
7, 2, 2281, 960, 20, 58, 0, -1, -1, -1
8, 1, 844, 965, 29, 71, 0, -1, -1, -1
8, 2, 2281, 960, 20, 58, 0, -1, -1, -1
9, 1, 844, 965, 29, 71, 0, -1, -1, -1
9, 2, 2281, 960, 20, 58, 0, -1, -1, -1
10, 1, 844, 965, 29, 71, 0, -1, -1, -1
10, 2, 2281, 960, 20, 58, 0, -1, -1, -1
11, 1, 848, 965, 29, 71, 0, -1, -1, -1
11, 2, 2281, 960, 20, 58, 0, -1, -1, -1
12, 1, 848, 965, 29, 71, 0, -1, -1, -1
12, 2, 2281, 960, 20, 58, 0, -1, -1, -1
13, 1, 848, 965, 29, 71, 0, -1, -1, -1
13, 2, 2281, 960, 20, 58, 0, -1, -1, -1
14, 1, 848, 965, 29, 71, 0, -1, -1, -1
14, 2, 2278, 960, 20, 58, 0, -1, -1, -1
15, 1, 848, 965, 29, 71, 0, -1, -1, -1
15, 2, 2278, 960, 20, 58, 0, -1, -1, -1
16, 1, 848, 965, 29, 71, 0, -1, -1, -1
16, 2, 2278, 960, 20, 58, 0, -1, -1, -1
17, 1, 848, 965, 29, 71, 0, -1, -1, -1
17, 2, 2278, 960, 20, 58, 0, -1, -1, -1
18, 1, 848, 965, 29, 71, 0, -1, -1, -1
18, 2, 2278, 960, 20, 58, 0, -1, -1, -1
19, 1, 848, 965, 29, 71, 0, -1, -1, -1
19, 2, 2278, 960, 20, 58, 0, -1, -1, -1
20, 1, 852, 965, 29, 71, 0, -1, -1, -1
20, 2, 2278, 960, 20, 58, 0, -1, -1, -1
21, 1, 852, 967, 29, 71, 0, -1, -1, -1
21, 2, 2278, 960, 20, 58, 0, -1, -1, -1
22, 2, 2278, 960, 20, 58, 0, -1, -1, -1
23, 2, 2278, 960, 20, 58, 0, -1, -1, -1
24, 2, 2275, 960, 20, 58, 0, -1, -1, -1
25, 2, 2275, 960, 20, 58, 0, -1, -1, -1
26, 2, 2275, 960, 20, 58, 0, -1, -1, -1
27, 2, 2275, 960, 20, 58, 0, -1, -1, -1
28, 2, 2275, 960, 20, 58, 0, -1, -1, -1
29, 2, 2275, 960, 20, 58, 0, -1, -1, -1
30, 10, 480, 583, 0, 0, 0, -1, -1, -1
30, 2, 2275, 960, 20, 58, 0, -1, -1, -1
30, 11, 2275, 960, 20, 58, 0, -1, -1, -1
30, 12, 2275, 960, 20, 58, 0, -1, -1, -1
30, 13, 3235, 960, 20, 58, 0, -1, -1, -1
30, 14, 3235, 960, 20, 58, 0, -1, -1, -1
30, 15, 3235, 960, 20, 58, 0, -1, -1, -1
30, 16, 3235, 960, 20, 58, 0, -1, -1, -1
31, 10, 860, 965, 29, 71, 0, -1, -1, -1
31, 2, 2275, 960, 20, 58, 0, -1, -1, -1
31, 13, 2433, 957, 23, 69, 0, -1, -1, -1
32, 2, 2275, 960, 20, 58, 0, -1, -1, -1
32, 13, 2432, 957, 22, 69, 0, -1, -1, -1
33, 2, 2272, 960, 20, 59, 0, -1, -1, -1
33, 13, 2432, 957, 22, 69, 0, -1, -1, -1
34, 2, 2272, 960, 20, 59, 0, -1, -1, -1
34, 13, 2433, 957, 23, 69, 0, -1, -1, -1
35, 2, 2272, 960, 20, 59, 0, -1, -1, -1
35, 13, 2433, 957, 23, 69, 0, -1, -1, -1
36, 2, 2269, 960, 20, 59, 0, -1, -1, -1
36, 13, 2432, 957, 22, 69, 0, -1, -1, -1
37, 2, 2269, 960, 20, 59, 0, -1, -1, -1
37, 13, 2432, 957, 22, 69, 0, -1, -1, -1
38, 2, 2269, 960, 20, 59, 0, -1, -1, -1
38, 13, 2432, 957, 22, 69, 0, -1, -1, -1
39, 2, 2267, 960, 20, 59, 0, -1, -1, -1
39, 13, 2432, 957, 22, 69, 0, -1, -1, -1
40, 2, 2267, 960, 20, 59, 0, -1, -1, -1
40, 13, 2433, 957, 23, 69, 0, -1, -1, -1
41, 2, 2267, 960, 20, 59, 0, -1, -1, -1
41, 13, 2433, 957, 23, 69, 0, -1, -1, -1
42, 2, 2267, 960, 20, 59, 0, -1, -1, -1
42, 13, 2435, 956, 23, 69, 0, -1, -1, -1
43, 2, 2267, 960, 20, 59, 0, -1, -1, -1
43, 13, 2435, 956, 23, 69, 0, -1, -1, -1
44, 2, 2267, 960, 20, 59, 0, -1, -1, -1
44, 13, 2435, 956, 23, 69, 0, -1, -1, -1
45, 2, 2267, 960, 20, 59, 0, -1, -1, -1
45, 13, 2435, 956, 23, 69, 0, -1, -1, -1
46, 2, 2264, 960, 21, 59, 0, -1, -1, -1
46, 13, 2435, 956, 23, 69, 0, -1, -1, -1
47, 2, 2264, 960, 21, 59, 0, -1, -1, -1
47, 13, 2436, 956, 23, 69, 0, -1, -1, -1
48, 2, 2264, 960, 21, 59, 0, -1, -1, -1
48, 13, 2436, 956, 23, 69, 0, -1, -1, -1
49, 2, 2264, 960, 21, 59, 0, -1, -1, -1
49, 13, 2436, 956, 23, 69, 0, -1, -1, -1
50, 2, 2264, 960, 21, 59, 0, -1, -1, -1
50, 13, 2436, 956, 23, 69, 0, -1, -1, -1
51, 13, 2437, 956, 23, 69, 0, -1, -1, -1
52, 13, 2438, 956, 23, 69, 0, -1, -1, -1
53, 13, 2439, 956, 23, 69, 0, -1, -1, -1
54, 13, 2441, 956, 23, 70, 0, -1, -1, -1
55, 13, 2442, 956, 23, 70, 0, -1, -1, -1
56, 13, 2442, 956, 23, 70, 0, -1, -1, -1
57, 13, 2442, 956, 23, 70, 0, -1, -1, -1
58, 13, 2442, 956, 23, 70, 0, -1, -1, -1
59, 13, 2442, 956, 23, 70, 0, -1, -1, -1
60, 17, 480, 583, 0, 0, 0, -1, -1, -1
60, 18, 480, 583, 0, 0, 0, -1, -1, -1
60, 19, 1440, 583, 0, 0, 0, -1, -1, -1
60, 20, 1440, 583, 0, 0, 0, -1, -1, -1
60, 21, 1440, 583, 0, 0, 0, -1, -1, -1
60, 13, 2442, 956, 23, 70, 0, -1, -1, -1
60, 22, 2442, 956, 23, 70, 0, -1, -1, -1
60, 23, 2442, 956, 23, 70, 0, -1, -1, -1
60, 24, 2442, 956, 23, 70, 0, -1, -1, -1
61, 17, 880, 961, 29, 79, 0, -1, -1, -1
61, 18, 482, 954, 25, 35, 0, -1, -1, -1
61, 13, 2442, 956, 23, 70, 0, -1, -1, -1
62, 17, 880, 961, 29, 79, 0, -1, -1, -1
62, 18, 482, 954, 25, 35, 0, -1, -1, -1
62, 13, 2442, 956, 23, 70, 0, -1, -1, -1
63, 17, 880, 963, 29, 79, 0, -1, -1, -1
63, 18, 482, 954, 25, 35, 0, -1, -1, -1
63, 13, 2442, 956, 23, 70, 0, -1, -1, -1
64, 17, 880, 963, 29, 79, 0, -1, -1, -1
64, 18, 482, 955, 25, 35, 0, -1, -1, -1
64, 13, 2442, 956, 23, 70, 0, -1, -1, -1
65, 18, 483, 955, 25, 35, 0, -1, -1, -1
65, 13, 2444, 956, 23, 70, 0, -1, -1, -1
66, 18, 484, 955, 25, 35, 0, -1, -1, -1
66, 13, 2445, 956, 23, 70, 0, -1, -1, -1
67, 18, 484, 955, 25, 35, 0, -1, -1, -1
67, 13, 2446, 956, 23, 70, 0, -1, -1, -1
68, 18, 486, 955, 25, 35, 0, -1, -1, -1
68, 13, 2447, 956, 23, 70, 0, -1, -1, -1
69, 18, 486, 955, 25, 35, 0, -1, -1, -1
69, 13, 2447, 956, 23, 70, 0, -1, -1, -1
70, 18, 487, 955, 25, 35, 0, -1, -1, -1
70, 13, 2447, 956, 23, 70, 0, -1, -1, -1
71, 18, 487, 955, 25, 35, 0, -1, -1, -1
71, 13, 2447, 956, 23, 70, 0, -1, -1, -1
72, 18, 487, 955, 25, 35, 0, -1, -1, -1
72, 13, 2447, 956, 23, 70, 0, -1, -1, -1
73, 18, 488, 955, 25, 35, 0, -1, -1, -1
73, 13, 2448, 956, 24, 70, 0, -1, -1, -1
74, 18, 488, 955, 25, 35, 0, -1, -1, -1
74, 13, 2448, 956, 24, 70, 0, -1, -1, -1
75, 18, 489, 955, 25, 35, 0, -1, -1, -1
75, 13, 2449, 956, 24, 70, 0, -1, -1, -1
76, 18, 489, 955, 25, 35, 0, -1, -1, -1
76, 13, 2451, 956, 24, 70, 0, -1, -1, -1
77, 18, 489, 955, 25, 35, 0, -1, -1, -1
77, 13, 2452, 956, 24, 71, 0, -1, -1, -1
78, 18, 490, 954, 25, 35, 0, -1, -1, -1
78, 13, 2453, 956, 24, 71, 0, -1, -1, -1
79, 18, 490, 954, 25, 35, 0, -1, -1, -1
79, 13, 2454, 956, 24, 71, 0, -1, -1, -1
80, 18, 491, 955, 26, 35, 0, -1, -1, -1
81, 18, 492, 955, 26, 35, 0, -1, -1, -1
82, 18, 492, 955, 26, 35, 0, -1, -1, -1
83, 18, 493, 955, 26, 36, 0, -1, -1, -1
84, 18, 494, 955, 26, 36, 0, -1, -1, -1
85, 18, 494, 955, 26, 36, 0, -1, -1, -1
86, 18, 494, 955, 26, 36, 0, -1, -1, -1
87, 18, 495, 955, 26, 36, 0, -1, -1, -1
88, 18, 495, 955, 26, 36, 0, -1, -1, -1
89, 18, 495, 955, 26, 36, 0, -1, -1, -1
90, 18, 496, 955, 26, 36, 0, -1, -1, -1
90, 25, 496, 955, 26, 36, 0, -1, -1, -1
90, 26, 1456, 955, 26, 36, 0, -1, -1, -1
90, 27, 1456, 955, 26, 36, 0, -1, -1, -1
90, 28, 1456, 955, 26, 36, 0, -1, -1, -1
90, 29, 2416, 955, 26, 36, 0, -1, -1, -1
90, 30, 2416, 955, 26, 36, 0, -1, -1, -1
90, 31, 2416, 955, 26, 36, 0, -1, -1, -1
90, 32, 2416, 955, 26, 36, 0, -1, -1, -1
90, 33, 2416, 955, 26, 36, 0, -1, -1, -1
90, 34, 2416, 955, 26, 36, 0, -1, -1, -1
91, 18, 496, 955, 26, 36, 0, -1, -1, -1
91, 25, 915, 964, 32, 79, 0, -1, -1, -1
92, 18, 496, 955, 26, 36, 0, -1, -1, -1
92, 25, 915, 964, 32, 79, 0, -1, -1, -1
93, 18, 497, 955, 26, 36, 0, -1, -1, -1
93, 25, 917, 964, 32, 79, 0, -1, -1, -1
94, 18, 498, 955, 26, 36, 0, -1, -1, -1
94, 25, 919, 964, 32, 79, 0, -1, -1, -1
95, 18, 499, 955, 26, 36, 0, -1, -1, -1
95, 25, 921, 964, 32, 79, 0, -1, -1, -1
95, 13, 2456, 953, 24, 71, 0, -1, -1, -1
96, 18, 499, 957, 26, 36, 0, -1, -1, -1
96, 25, 921, 964, 32, 79, 0, -1, -1, -1
96, 13, 2455, 953, 24, 71, 0, -1, -1, -1
97, 18, 500, 957, 26, 36, 0, -1, -1, -1
97, 25, 923, 964, 32, 79, 0, -1, -1, -1
97, 13, 2456, 950, 24, 71, 0, -1, -1, -1
98, 18, 501, 957, 26, 36, 0, -1, -1, -1
98, 25, 925, 964, 32, 79, 0, -1, -1, -1
98, 13, 2456, 950, 24, 71, 0, -1, -1, -1
99, 25, 929, 964, 32, 79, 0, -1, -1, -1
99, 13, 2456, 950, 24, 71, 0, -1, -1, -1
100, 25, 931, 964, 32, 79, 0, -1, -1, -1
100, 13, 2458, 953, 24, 71, 0, -1, -1, -1
101, 25, 933, 964, 32, 79, 0, -1, -1, -1
101, 13, 2458, 953, 24, 71, 0, -1, -1, -1
102, 25, 933, 964, 32, 79, 0, -1, -1, -1
102, 13, 2458, 956, 24, 71, 0, -1, -1, -1
103, 25, 935, 964, 32, 79, 0, -1, -1, -1
103, 13, 2459, 956, 24, 71, 0, -1, -1, -1
104, 25, 937, 964, 32, 79, 0, -1, -1, -1
104, 13, 2459, 956, 24, 71, 0, -1, -1, -1
105, 25, 939, 964, 32, 79, 0, -1, -1, -1
105, 13, 2460, 956, 24, 71, 0, -1, -1, -1
106, 25, 941, 964, 32, 79, 0, -1, -1, -1
106, 13, 2461, 956, 24, 71, 0, -1, -1, -1
107, 25, 943, 964, 32, 79, 0, -1, -1, -1
107, 13, 2461, 956, 24, 71, 0, -1, -1, -1
108, 25, 945, 964, 32, 79, 0, -1, -1, -1
108, 13, 2461, 953, 24, 71, 0, -1, -1, -1
109, 25, 947, 964, 32, 79, 0, -1, -1, -1
109, 13, 2461, 953, 24, 71, 0, -1, -1, -1
110, 25, 951, 964, 32, 79, 0, -1, -1, -1
110, 13, 2462, 953, 25, 72, 0, -1, -1, -1
111, 25, 953, 964, 32, 79, 0, -1, -1, -1
111, 13, 2462, 953, 25, 72, 0, -1, -1, -1
112, 25, 955, 964, 32, 79, 0, -1, -1, -1
112, 13, 2462, 953, 25, 72, 0, -1, -1, -1
113, 25, 957, 964, 32, 79, 0, -1, -1, -1
113, 13, 2464, 953, 25, 72, 0, -1, -1, -1
114, 25, 960, 964, 32, 79, 0, -1, -1, -1
114, 13, 2465, 956, 25, 72, 0, -1, -1, -1
115, 25, 962, 964, 32, 79, 0, -1, -1, -1
115, 13, 2465, 956, 25, 72, 0, -1, -1, -1
116, 25, 964, 964, 32, 79, 0, -1, -1, -1
116, 13, 2465, 956, 25, 72, 0, -1, -1, -1
117, 25, 966, 964, 32, 79, 0, -1, -1, -1
117, 13, 2465, 956, 25, 72, 0, -1, -1, -1
118, 25, 966, 964, 32, 79, 0, -1, -1, -1
118, 13, 2464, 956, 25, 72, 0, -1, -1, -1
119, 13, 2462, 956, 25, 72, 0, -1, -1, -1
120, 35, 480, 583, 0, 0, 0, -1, -1, -1
120, 36, 1440, 583, 0, 0, 0, -1, -1, -1
120, 37, 1440, 583, 0, 0, 0, -1, -1, -1
120, 38, 1440, 583, 0, 0, 0, -1, -1, -1
120, 13, 2462, 953, 25, 72, 0, -1, -1, -1
120, 39, 2462, 953, 25, 72, 0, -1, -1, -1
120, 40, 2462, 953, 25, 72, 0, -1, -1, -1
120, 41, 2462, 953, 25, 72, 0, -1, -1, -1
120, 42, 2462, 953, 25, 72, 0, -1, -1, -1
120, 43, 2462, 953, 25, 72, 0, -1, -1, -1
121, 13, 2461, 953, 24, 71, 0, -1, -1, -1
122, 36, 2255, 958, 21, 60, 0, -1, -1, -1
122, 13, 2461, 953, 24, 71, 0, -1, -1, -1
123, 36, 2255, 958, 21, 60, 0, -1, -1, -1
123, 13, 2461, 953, 24, 71, 0, -1, -1, -1
124, 36, 2255, 958, 21, 60, 0, -1, -1, -1
124, 13, 2462, 953, 25, 72, 0, -1, -1, -1
125, 13, 2464, 953, 25, 72, 0, -1, -1, -1
126, 13, 2464, 956, 25, 72, 0, -1, -1, -1
127, 13, 2464, 956, 25, 72, 0, -1, -1, -1
128, 13, 2464, 956, 25, 72, 0, -1, -1, -1
129, 13, 2465, 956, 25, 72, 0, -1, -1, -1
130, 13, 2465, 956, 25, 72, 0, -1, -1, -1
131, 13, 2465, 956, 25, 72, 0, -1, -1, -1
132, 13, 2465, 953, 25, 72, 0, -1, -1, -1
133, 13, 2465, 953, 25, 72, 0, -1, -1, -1
134, 13, 2465, 953, 25, 72, 0, -1, -1, -1
135, 13, 2465, 953, 25, 72, 0, -1, -1, -1
136, 13, 2465, 953, 25, 72, 0, -1, -1, -1
137, 13, 2465, 953, 25, 72, 0, -1, -1, -1
138, 13, 2465, 956, 25, 72, 0, -1, -1, -1
139, 13, 2466, 956, 25, 72, 0, -1, -1, -1
140, 13, 2466, 956, 25, 72, 0, -1, -1, -1
141, 13, 2465, 956, 25, 72, 0, -1, -1, -1
142, 13, 2464, 956, 25, 72, 0, -1, -1, -1
143, 13, 2462, 956, 25, 72, 0, -1, -1, -1
144, 13, 2462, 956, 25, 72, 0, -1, -1, -1
145, 13, 2462, 953, 25, 72, 0, -1, -1, -1
146, 13, 2462, 953, 25, 72, 0, -1, -1, -1
147, 13, 2462, 953, 25, 72, 0, -1, -1, -1
148, 13, 2464, 953, 25, 72, 0, -1, -1, -1
149, 13, 2465, 956, 25, 72, 0, -1, -1, -1
150, 44, 1440, 583, 0, 0, 0, -1, -1, -1
150, 45, 1440, 583, 0, 0, 0, -1, -1, -1
150, 46, 1440, 583, 0, 0, 0, -1, -1, -1
150, 13, 2465, 956, 25, 72, 0, -1, -1, -1
150, 47, 2465, 956, 25, 72, 0, -1, -1, -1
150, 48, 2465, 956, 25, 72, 0, -1, -1, -1
150, 49, 2465, 956, 25, 72, 0, -1, -1, -1
151, 13, 2466, 956, 25, 72, 0, -1, -1, -1
152, 13, 2466, 956, 25, 72, 0, -1, -1, -1
153, 13, 2466, 960, 25, 72, 0, -1, -1, -1
154, 13, 2466, 960, 25, 72, 0, -1, -1, -1
155, 13, 2467, 956, 25, 72, 0, -1, -1, -1
156, 13, 2467, 956, 25, 72, 0, -1, -1, -1
157, 13, 2467, 956, 25, 72, 0, -1, -1, -1
158, 13, 2467, 956, 25, 72, 0, -1, -1, -1
159, 13, 2467, 956, 25, 72, 0, -1, -1, -1
160, 13, 2467, 956, 25, 72, 0, -1, -1, -1
161, 13, 2467, 956, 25, 72, 0, -1, -1, -1
162, 44, 2249, 960, 21, 60, 0, -1, -1, -1
162, 13, 2467, 956, 25, 72, 0, -1, -1, -1
163, 13, 2467, 956, 25, 72, 0, -1, -1, -1
164, 44, 2249, 958, 21, 60, 0, -1, -1, -1
164, 13, 2467, 956, 25, 72, 0, -1, -1, -1
165, 44, 2249, 956, 21, 60, 0, -1, -1, -1
165, 13, 2466, 956, 25, 72, 0, -1, -1, -1
166, 44, 2249, 956, 21, 60, 0, -1, -1, -1
166, 13, 2466, 956, 25, 72, 0, -1, -1, -1
167, 13, 2465, 956, 25, 72, 0, -1, -1, -1
168, 44, 2249, 958, 21, 60, 0, -1, -1, -1
168, 13, 2465, 956, 25, 72, 0, -1, -1, -1
169, 44, 2249, 960, 21, 60, 0, -1, -1, -1
169, 13, 2465, 956, 25, 72, 0, -1, -1, -1
170, 13, 2465, 956, 25, 72, 0, -1, -1, -1
171, 13, 2465, 956, 25, 72, 0, -1, -1, -1
172, 13, 2465, 956, 25, 72, 0, -1, -1, -1
173, 13, 2466, 956, 25, 72, 0, -1, -1, -1
174, 13, 2467, 956, 25, 72, 0, -1, -1, -1
175, 13, 2469, 960, 25, 72, 0, -1, -1, -1
176, 13, 2470, 960, 25, 72, 0, -1, -1, -1
177, 13, 2470, 960, 25, 72, 0, -1, -1, -1
178, 13, 2470, 960, 25, 72, 0, -1, -1, -1
179, 13, 2470, 960, 25, 72, 0, -1, -1, -1
180, 50, 480, 583, 0, 0, 0, -1, -1, -1
180, 51, 480, 583, 0, 0, 0, -1, -1, -1
180, 52, 480, 583, 0, 0, 0, -1, -1, -1
180, 53, 1440, 583, 0, 0, 0, -1, -1, -1
180, 54, 1440, 583, 0, 0, 0, -1, -1, -1
180, 55, 1440, 583, 0, 0, 0, -1, -1, -1
180, 13, 2470, 956, 25, 72, 0, -1, -1, -1
180, 56, 2470, 956, 25, 72, 0, -1, -1, -1
180, 57, 2470, 956, 25, 72, 0, -1, -1, -1
180, 58, 2470, 956, 25, 72, 0, -1, -1, -1
180, 59, 2470, 956, 25, 72, 0, -1, -1, -1
181, 51, 547, 961, 41, 59, 0, -1, -1, -1
181, 13, 2470, 956, 25, 72, 0, -1, -1, -1
182, 51, 547, 961, 41, 59, 0, -1, -1, -1
182, 13, 2470, 956, 25, 72, 0, -1, -1, -1
183, 51, 546, 961, 41, 59, 0, -1, -1, -1
183, 13, 2470, 956, 25, 72, 0, -1, -1, -1
184, 51, 545, 961, 41, 59, 0, -1, -1, -1
184, 13, 2470, 960, 25, 72, 0, -1, -1, -1
185, 51, 545, 963, 41, 59, 0, -1, -1, -1
185, 13, 2470, 960, 25, 72, 0, -1, -1, -1
186, 51, 545, 963, 41, 59, 0, -1, -1, -1
186, 13, 2471, 960, 25, 72, 0, -1, -1, -1
187, 51, 544, 964, 40, 59, 0, -1, -1, -1
187, 13, 2471, 960, 25, 72, 0, -1, -1, -1
188, 51, 542, 964, 40, 59, 0, -1, -1, -1
188, 13, 2470, 960, 25, 72, 0, -1, -1, -1
189, 51, 541, 964, 40, 59, 0, -1, -1, -1
189, 13, 2470, 956, 25, 72, 0, -1, -1, -1
190, 51, 540, 964, 40, 58, 0, -1, -1, -1
190, 13, 2470, 956, 25, 72, 0, -1, -1, -1
191, 51, 540, 964, 40, 58, 0, -1, -1, -1
191, 13, 2470, 956, 25, 72, 0, -1, -1, -1
192, 51, 539, 964, 40, 58, 0, -1, -1, -1
192, 13, 2470, 956, 25, 72, 0, -1, -1, -1
193, 51, 539, 964, 40, 58, 0, -1, -1, -1
193, 13, 2470, 956, 25, 72, 0, -1, -1, -1
194, 51, 539, 963, 40, 58, 0, -1, -1, -1
195, 51, 538, 963, 40, 58, 0, -1, -1, -1
196, 51, 536, 963, 40, 58, 0, -1, -1, -1
197, 51, 535, 963, 40, 58, 0, -1, -1, -1
198, 51, 534, 963, 39, 58, 0, -1, -1, -1
199, 51, 534, 963, 39, 58, 0, -1, -1, -1
200, 51, 533, 963, 39, 58, 0, -1, -1, -1
201, 51, 529, 964, 39, 58, 0, -1, -1, -1
202, 51, 528, 964, 39, 58, 0, -1, -1, -1
203, 51, 527, 964, 39, 57, 0, -1, -1, -1
204, 51, 525, 964, 38, 57, 0, -1, -1, -1
205, 51, 524, 964, 38, 57, 0, -1, -1, -1
206, 51, 521, 964, 38, 57, 0, -1, -1, -1
207, 51, 520, 964, 38, 57, 0, -1, -1, -1
208, 51, 518, 964, 38, 57, 0, -1, -1, -1
209, 51, 517, 964, 38, 57, 0, -1, -1, -1
210, 60, 3360, 583, 0, 0, 0, -1, -1, -1
210, 51, 516, 964, 37, 57, 0, -1, -1, -1
210, 61, 516, 964, 37, 57, 0, -1, -1, -1
210, 62, 1476, 964, 37, 57, 0, -1, -1, -1
210, 63, 1476, 964, 37, 57, 0, -1, -1, -1
210, 64, 1476, 964, 37, 57, 0, -1, -1, -1
210, 65, 2436, 964, 37, 57, 0, -1, -1, -1
210, 66, 2436, 964, 37, 57, 0, -1, -1, -1
210, 67, 2436, 964, 37, 57, 0, -1, -1, -1
210, 68, 2436, 964, 37, 57, 0, -1, -1, -1
210, 69, 2436, 964, 37, 57, 0, -1, -1, -1
211, 51, 513, 964, 37, 56, 0, -1, -1, -1
211, 61, 1094, 971, 28, 86, 0, -1, -1, -1
211, 62, 2278, 966, 32, 57, 0, -1, -1, -1
212, 51, 511, 964, 37, 56, 0, -1, -1, -1
212, 61, 1094, 971, 28, 86, 0, -1, -1, -1
212, 62, 2278, 966, 32, 57, 0, -1, -1, -1
213, 51, 509, 964, 37, 56, 0, -1, -1, -1
213, 61, 1094, 971, 28, 86, 0, -1, -1, -1
213, 62, 2278, 966, 32, 57, 0, -1, -1, -1
214, 51, 507, 964, 36, 56, 0, -1, -1, -1
214, 61, 1094, 971, 28, 86, 0, -1, -1, -1
215, 51, 505, 964, 36, 56, 0, -1, -1, -1
215, 61, 1094, 971, 28, 86, 0, -1, -1, -1
216, 51, 502, 964, 36, 55, 0, -1, -1, -1
216, 61, 1094, 971, 28, 86, 0, -1, -1, -1
217, 51, 500, 964, 36, 55, 0, -1, -1, -1
217, 61, 1094, 971, 28, 86, 0, -1, -1, -1
218, 51, 497, 964, 35, 55, 0, -1, -1, -1
219, 51, 495, 964, 35, 55, 0, -1, -1, -1
220, 51, 493, 964, 35, 55, 0, -1, -1, -1
221, 51, 490, 964, 35, 54, 0, -1, -1, -1
222, 51, 487, 964, 34, 54, 0, -1, -1, -1
223, 51, 484, 964, 34, 54, 0, -1, -1, -1
224, 51, 480, 964, 33, 53, 0, -1, -1, -1
225, 51, 476, 964, 33, 53, 0, -1, -1, -1
226, 51, 475, 964, 33, 53, 0, -1, -1, -1
227, 51, 472, 964, 33, 53, 0, -1, -1, -1
228, 51, 469, 964, 32, 53, 0, -1, -1, -1
229, 51, 467, 964, 32, 52, 0, -1, -1, -1
230, 51, 466, 964, 32, 52, 0, -1, -1, -1
240, 70, 3360, 583, 0, 0, 0, -1, -1, -1
240, 71, 480, 583, 0, 0, 0, -1, -1, -1
240, 72, 480, 583, 0, 0, 0, -1, -1, -1
240, 73, 1440, 583, 0, 0, 0, -1, -1, -1
240, 74, 1440, 583, 0, 0, 0, -1, -1, -1
240, 75, 2400, 583, 0, 0, 0, -1, -1, -1
240, 76, 2400, 583, 0, 0, 0, -1, -1, -1
240, 77, 2400, 583, 0, 0, 0, -1, -1, -1
240, 78, 2400, 583, 0, 0, 0, -1, -1, -1
240, 79, 2400, 583, 0, 0, 0, -1, -1, -1
240, 80, 2400, 583, 0, 0, 0, -1, -1, -1
241, 71, 1049, 967, 38, 97, 0, -1, -1, -1
241, 72, 711, 971, 34, 51, 0, -1, -1, -1
242, 71, 1047, 967, 38, 97, 0, -1, -1, -1
243, 71, 1045, 967, 39, 97, 0, -1, -1, -1
244, 71, 1041, 967, 39, 97, 0, -1, -1, -1
245, 71, 1039, 969, 39, 97, 0, -1, -1, -1
246, 71, 1037, 969, 39, 97, 0, -1, -1, -1
247, 71, 1037, 969, 39, 97, 0, -1, -1, -1
248, 71, 1036, 969, 39, 97, 0, -1, -1, -1
249, 71, 1034, 969, 39, 97, 0, -1, -1, -1
250, 71, 1032, 969, 39, 97, 0, -1, -1, -1
251, 71, 1030, 969, 39, 97, 0, -1, -1, -1
270, 81, 3360, 583, 0, 0, 0, -1, -1, -1
270, 82, 480, 583, 0, 0, 0, -1, -1, -1
270, 83, 1440, 583, 0, 0, 0, -1, -1, -1
270, 84, 1440, 583, 0, 0, 0, -1, -1, -1
270, 85, 2400, 583, 0, 0, 0, -1, -1, -1
270, 86, 2400, 583, 0, 0, 0, -1, -1, -1
270, 87, 2400, 583, 0, 0, 0, -1, -1, -1
270, 88, 2400, 583, 0, 0, 0, -1, -1, -1
270, 89, 2400, 583, 0, 0, 0, -1, -1, -1
270, 90, 2400, 583, 0, 0, 0, -1, -1, -1
271, 81, 297, 958, 45, 51, 0, -1, -1, -1
271, 82, 646, 968, 31, 54, 0, -1, -1, -1
271, 89, 2432, 962, 57, 72, 0, -1, -1, -1
272, 81, 297, 958, 45, 51, 0, -1, -1, -1
272, 89, 2435, 963, 58, 72, 0, -1, -1, -1
273, 81, 297, 958, 45, 51, 0, -1, -1, -1
273, 89, 2437, 963, 58, 73, 0, -1, -1, -1
274, 81, 296, 958, 45, 51, 0, -1, -1, -1
274, 89, 2439, 963, 58, 73, 0, -1, -1, -1
275, 81, 296, 958, 45, 51, 0, -1, -1, -1
275, 89, 2442, 966, 59, 73, 0, -1, -1, -1
276, 81, 296, 958, 45, 51, 0, -1, -1, -1
277, 81, 296, 958, 45, 51, 0, -1, -1, -1
278, 81, 296, 958, 45, 51, 0, -1, -1, -1
279, 81, 296, 958, 45, 51, 0, -1, -1, -1
280, 81, 296, 958, 45, 51, 0, -1, -1, -1
281, 81, 296, 958, 45, 51, 0, -1, -1, -1
281, 89, 2454, 963, 61, 74, 0, -1, -1, -1
282, 81, 294, 956, 45, 51, 0, -1, -1, -1
282, 89, 2455, 963, 61, 74, 0, -1, -1, -1
283, 81, 294, 956, 45, 51, 0, -1, -1, -1
283, 89, 2456, 963, 61, 74, 0, -1, -1, -1
284, 81, 294, 956, 45, 51, 0, -1, -1, -1
284, 89, 2459, 963, 62, 75, 0, -1, -1, -1
285, 81, 294, 958, 45, 51, 0, -1, -1, -1
285, 89, 2461, 960, 62, 75, 0, -1, -1, -1
286, 81, 294, 958, 45, 51, 0, -1, -1, -1
286, 89, 2465, 963, 63, 75, 0, -1, -1, -1
287, 81, 294, 958, 45, 51, 0, -1, -1, -1
287, 89, 2467, 966, 63, 76, 0, -1, -1, -1
288, 81, 294, 956, 45, 51, 0, -1, -1, -1
288, 89, 2469, 966, 63, 76, 0, -1, -1, -1
289, 81, 294, 956, 45, 51, 0, -1, -1, -1
289, 89, 2470, 969, 63, 76, 0, -1, -1, -1
290, 81, 292, 956, 45, 51, 0, -1, -1, -1
290, 89, 2470, 969, 63, 76, 0, -1, -1, -1
291, 81, 292, 954, 45, 51, 0, -1, -1, -1
291, 89, 2470, 969, 63, 76, 0, -1, -1, -1
292, 81, 292, 954, 45, 51, 0, -1, -1, -1
292, 89, 2472, 969, 64, 76, 0, -1, -1, -1
293, 81, 292, 954, 45, 51, 0, -1, -1, -1
293, 89, 2472, 969, 64, 76, 0, -1, -1, -1
294, 81, 292, 954, 45, 51, 0, -1, -1, -1
294, 89, 2474, 966, 64, 76, 0, -1, -1, -1
295, 81, 294, 954, 45, 51, 0, -1, -1, -1
295, 89, 2475, 966, 64, 76, 0, -1, -1, -1
296, 81, 292, 954, 45, 51, 0, -1, -1, -1
296, 89, 2475, 966, 64, 76, 0, -1, -1, -1
297, 81, 292, 954, 45, 51, 0, -1, -1, -1
297, 89, 2475, 969, 64, 76, 0, -1, -1, -1
298, 81, 292, 954, 45, 51, 0, -1, -1, -1
298, 89, 2475, 969, 64, 76, 0, -1, -1, -1
299, 81, 292, 954, 45, 51, 0, -1, -1, -1
299, 89, 2475, 969, 64, 76, 0, -1, -1, -1
300, 81, 291, 954, 45, 51, 0, -1, -1, -1
300, 91, 1251, 954, 45, 51, 0, -1, -1, -1
300, 92, 1251, 954, 45, 51, 0, -1, -1, -1
300, 93, 2211, 954, 45, 51, 0, -1, -1, -1
300, 94, 2211, 954, 45, 51, 0, -1, -1, -1
300, 95, 3171, 954, 45, 51, 0, -1, -1, -1
300, 96, 3171, 954, 45, 51, 0, -1, -1, -1
300, 97, 3171, 954, 45, 51, 0, -1, -1, -1
300, 98, 3171, 954, 45, 51, 0, -1, -1, -1
300, 99, 3171, 954, 45, 51, 0, -1, -1, -1
300, 100, 3171, 954, 45, 51, 0, -1, -1, -1
301, 81, 289, 952, 45, 51, 0, -1, -1, -1
301, 92, 630, 973, 30, 42, 0, -1, -1, -1
302, 81, 289, 952, 45, 51, 0, -1, -1, -1
303, 81, 289, 952, 45, 51, 0, -1, -1, -1
304, 81, 288, 952, 45, 51, 0, -1, -1, -1
305, 81, 288, 952, 45, 51, 0, -1, -1, -1
306, 81, 286, 952, 46, 51, 0, -1, -1, -1
307, 81, 286, 952, 46, 51, 0, -1, -1, -1
308, 81, 286, 951, 46, 51, 0, -1, -1, -1
309, 81, 286, 951, 46, 51, 0, -1, -1, -1
310, 81, 286, 951, 46, 51, 0, -1, -1, -1
311, 81, 286, 952, 46, 51, 0, -1, -1, -1
311, 89, 2474, 972, 64, 77, 0, -1, -1, -1
312, 81, 286, 952, 46, 51, 0, -1, -1, -1
312, 89, 2474, 972, 64, 77, 0, -1, -1, -1
313, 81, 286, 952, 46, 51, 0, -1, -1, -1
313, 89, 2474, 972, 64, 77, 0, -1, -1, -1
314, 81, 286, 952, 46, 51, 0, -1, -1, -1
314, 89, 2475, 972, 64, 77, 0, -1, -1, -1
315, 81, 286, 952, 46, 51, 0, -1, -1, -1
315, 89, 2475, 972, 64, 77, 0, -1, -1, -1
316, 81, 286, 952, 46, 51, 0, -1, -1, -1
316, 89, 2476, 975, 64, 77, 0, -1, -1, -1
317, 81, 286, 952, 46, 51, 0, -1, -1, -1
317, 89, 2476, 975, 64, 77, 0, -1, -1, -1
318, 81, 284, 952, 46, 51, 0, -1, -1, -1
318, 89, 2475, 979, 64, 77, 0, -1, -1, -1
319, 81, 284, 952, 46, 51, 0, -1, -1, -1
319, 89, 2475, 979, 64, 77, 0, -1, -1, -1
320, 81, 284, 952, 46, 51, 0, -1, -1, -1
320, 89, 2474, 978, 64, 77, 0, -1, -1, -1
321, 81, 284, 952, 46, 51, 0, -1, -1, -1
321, 89, 2472, 978, 64, 77, 0, -1, -1, -1
322, 81, 284, 952, 46, 51, 0, -1, -1, -1
322, 89, 2471, 975, 64, 76, 0, -1, -1, -1
323, 81, 284, 952, 46, 51, 0, -1, -1, -1
323, 89, 2470, 975, 63, 76, 0, -1, -1, -1
324, 81, 284, 952, 46, 51, 0, -1, -1, -1
324, 89, 2469, 975, 63, 76, 0, -1, -1, -1
325, 81, 284, 952, 46, 51, 0, -1, -1, -1
325, 89, 2467, 975, 63, 76, 0, -1, -1, -1
326, 81, 284, 952, 46, 51, 0, -1, -1, -1
326, 89, 2466, 975, 63, 76, 0, -1, -1, -1
327, 81, 284, 952, 46, 51, 0, -1, -1, -1
327, 89, 2464, 975, 62, 76, 0, -1, -1, -1
328, 81, 284, 952, 46, 51, 0, -1, -1, -1
328, 89, 2462, 975, 62, 76, 0, -1, -1, -1
329, 81, 284, 952, 46, 51, 0, -1, -1, -1
329, 89, 2460, 975, 62, 75, 0, -1, -1, -1
330, 81, 284, 952, 46, 51, 0, -1, -1, -1
330, 101, 284, 952, 46, 51, 0, -1, -1, -1
330, 102, 1244, 952, 46, 51, 0, -1, -1, -1
330, 103, 1244, 952, 46, 51, 0, -1, -1, -1
330, 104, 1244, 952, 46, 51, 0, -1, -1, -1
330, 105, 2204, 952, 46, 51, 0, -1, -1, -1
330, 106, 2204, 952, 46, 51, 0, -1, -1, -1
330, 89, 2459, 978, 62, 76, 0, -1, -1, -1
330, 107, 2459, 978, 62, 76, 0, -1, -1, -1
330, 108, 2459, 978, 62, 76, 0, -1, -1, -1
330, 109, 2459, 978, 62, 76, 0, -1, -1, -1
330, 110, 2459, 978, 62, 76, 0, -1, -1, -1
330, 111, 2459, 978, 62, 76, 0, -1, -1, -1
330, 112, 2459, 978, 62, 76, 0, -1, -1, -1
331, 81, 284, 952, 46, 51, 0, -1, -1, -1
331, 101, 358, 944, 39, 64, 0, -1, -1, -1
331, 102, 974, 966, 40, 106, 0, -1, -1, -1
331, 104, 484, 955, 38, 143, 0, -1, -1, -1
331, 89, 2458, 978, 61, 75, 0, -1, -1, -1
332, 81, 284, 952, 46, 51, 0, -1, -1, -1
332, 101, 358, 944, 39, 64, 0, -1, -1, -1
332, 102, 974, 966, 40, 106, 0, -1, -1, -1
332, 104, 484, 954, 38, 143, 0, -1, -1, -1
332, 89, 2456, 978, 61, 75, 0, -1, -1, -1
333, 81, 284, 952, 46, 51, 0, -1, -1, -1
333, 101, 358, 944, 39, 64, 0, -1, -1, -1
333, 102, 974, 966, 40, 106, 0, -1, -1, -1
333, 104, 484, 954, 38, 143, 0, -1, -1, -1
333, 89, 2454, 978, 61, 75, 0, -1, -1, -1
334, 81, 284, 952, 46, 51, 0, -1, -1, -1
334, 101, 359, 944, 39, 64, 0, -1, -1, -1
334, 102, 976, 966, 40, 106, 0, -1, -1, -1
334, 104, 485, 954, 39, 143, 0, -1, -1, -1
334, 89, 2454, 978, 61, 75, 0, -1, -1, -1
335, 81, 286, 952, 46, 51, 0, -1, -1, -1
335, 101, 359, 944, 39, 64, 0, -1, -1, -1
335, 102, 976, 966, 40, 106, 0, -1, -1, -1
335, 104, 486, 954, 39, 143, 0, -1, -1, -1
335, 89, 2453, 978, 61, 75, 0, -1, -1, -1
336, 81, 286, 952, 46, 51, 0, -1, -1, -1
336, 101, 359, 944, 39, 64, 0, -1, -1, -1
336, 102, 976, 966, 40, 106, 0, -1, -1, -1
336, 104, 487, 954, 39, 143, 0, -1, -1, -1
336, 89, 2451, 978, 60, 75, 0, -1, -1, -1
337, 81, 286, 952, 46, 51, 0, -1, -1, -1
337, 101, 359, 944, 39, 64, 0, -1, -1, -1
337, 102, 976, 966, 40, 106, 0, -1, -1, -1
337, 104, 486, 954, 39, 143, 0, -1, -1, -1
337, 89, 2449, 978, 60, 75, 0, -1, -1, -1
338, 81, 286, 952, 46, 51, 0, -1, -1, -1
338, 101, 361, 944, 39, 64, 0, -1, -1, -1
338, 102, 976, 966, 40, 106, 0, -1, -1, -1
338, 104, 487, 955, 39, 143, 0, -1, -1, -1
338, 89, 2447, 978, 60, 74, 0, -1, -1, -1
339, 81, 286, 952, 46, 51, 0, -1, -1, -1
339, 101, 361, 944, 39, 64, 0, -1, -1, -1
339, 102, 976, 966, 40, 106, 0, -1, -1, -1
339, 104, 488, 957, 39, 143, 0, -1, -1, -1
339, 89, 2445, 981, 59, 74, 0, -1, -1, -1
340, 81, 286, 952, 46, 51, 0, -1, -1, -1
340, 101, 362, 945, 39, 64, 0, -1, -1, -1
340, 102, 976, 966, 40, 106, 0, -1, -1, -1
340, 104, 490, 957, 39, 144, 0, -1, -1, -1
340, 89, 2444, 981, 59, 74, 0, -1, -1, -1
341, 81, 288, 952, 45, 51, 0, -1, -1, -1
341, 101, 362, 945, 39, 64, 0, -1, -1, -1
341, 102, 976, 966, 40, 106, 0, -1, -1, -1
341, 104, 488, 955, 39, 143, 0, -1, -1, -1
341, 89, 2441, 981, 59, 74, 0, -1, -1, -1
342, 81, 288, 952, 45, 51, 0, -1, -1, -1
342, 101, 363, 945, 39, 64, 0, -1, -1, -1
342, 102, 978, 966, 40, 106, 0, -1, -1, -1
342, 104, 489, 955, 39, 144, 0, -1, -1, -1
342, 89, 2439, 981, 58, 74, 0, -1, -1, -1
343, 81, 288, 952, 45, 51, 0, -1, -1, -1
343, 101, 363, 945, 39, 64, 0, -1, -1, -1
343, 102, 978, 966, 40, 106, 0, -1, -1, -1
343, 104, 489, 955, 39, 144, 0, -1, -1, -1
343, 89, 2437, 981, 58, 74, 0, -1, -1, -1
344, 81, 288, 952, 45, 51, 0, -1, -1, -1
344, 101, 363, 945, 39, 64, 0, -1, -1, -1
344, 102, 978, 966, 40, 106, 0, -1, -1, -1
344, 104, 489, 955, 39, 144, 0, -1, -1, -1
344, 89, 2435, 981, 58, 73, 0, -1, -1, -1
345, 81, 289, 952, 45, 51, 0, -1, -1, -1
345, 101, 365, 945, 39, 63, 0, -1, -1, -1
345, 102, 978, 966, 40, 106, 0, -1, -1, -1
345, 104, 490, 955, 39, 144, 0, -1, -1, -1
346, 81, 289, 952, 45, 51, 0, -1, -1, -1
346, 101, 365, 945, 39, 63, 0, -1, -1, -1
346, 102, 978, 966, 40, 106, 0, -1, -1, -1
346, 104, 490, 955, 39, 144, 0, -1, -1, -1
347, 81, 291, 952, 45, 51, 0, -1, -1, -1
347, 101, 366, 945, 39, 63, 0, -1, -1, -1
347, 102, 980, 966, 40, 106, 0, -1, -1, -1
347, 104, 491, 955, 39, 144, 0, -1, -1, -1
348, 81, 291, 954, 45, 51, 0, -1, -1, -1
348, 101, 368, 945, 39, 63, 0, -1, -1, -1
348, 102, 980, 966, 40, 106, 0, -1, -1, -1
348, 104, 491, 955, 39, 144, 0, -1, -1, -1
349, 81, 291, 954, 45, 51, 0, -1, -1, -1
349, 101, 368, 945, 39, 63, 0, -1, -1, -1
349, 102, 982, 966, 40, 106, 0, -1, -1, -1
349, 104, 491, 957, 39, 144, 0, -1, -1, -1
349, 89, 2426, 980, 56, 72, 0, -1, -1, -1
350, 81, 292, 954, 45, 51, 0, -1, -1, -1
350, 101, 369, 946, 38, 63, 0, -1, -1, -1
350, 102, 982, 966, 40, 106, 0, -1, -1, -1
350, 104, 493, 957, 40, 145, 0, -1, -1, -1
350, 89, 2424, 980, 56, 72, 0, -1, -1, -1
351, 81, 292, 954, 45, 51, 0, -1, -1, -1
351, 101, 370, 946, 38, 63, 0, -1, -1, -1
351, 102, 982, 966, 40, 106, 0, -1, -1, -1
351, 104, 494, 957, 40, 145, 0, -1, -1, -1
351, 89, 2421, 980, 55, 72, 0, -1, -1, -1
352, 81, 292, 954, 45, 51, 0, -1, -1, -1
352, 101, 370, 946, 38, 63, 0, -1, -1, -1
352, 102, 982, 966, 40, 106, 0, -1, -1, -1
352, 104, 494, 957, 40, 145, 0, -1, -1, -1
352, 89, 2420, 980, 55, 72, 0, -1, -1, -1
353, 81, 294, 954, 45, 51, 0, -1, -1, -1
353, 101, 372, 946, 38, 63, 0, -1, -1, -1
353, 102, 982, 966, 40, 106, 0, -1, -1, -1
353, 104, 494, 957, 40, 145, 0, -1, -1, -1
353, 89, 2418, 980, 55, 72, 0, -1, -1, -1
354, 81, 294, 954, 45, 51, 0, -1, -1, -1
354, 101, 372, 946, 38, 63, 0, -1, -1, -1
354, 102, 982, 966, 40, 106, 0, -1, -1, -1
354, 104, 494, 957, 40, 145, 0, -1, -1, -1
354, 89, 2416, 980, 55, 71, 0, -1, -1, -1
355, 81, 294, 954, 45, 51, 0, -1, -1, -1
355, 101, 373, 946, 38, 63, 0, -1, -1, -1
355, 102, 982, 966, 40, 106, 0, -1, -1, -1
355, 104, 495, 957, 40, 145, 0, -1, -1, -1
355, 89, 2414, 980, 54, 71, 0, -1, -1, -1
356, 81, 296, 954, 45, 51, 0, -1, -1, -1
356, 101, 373, 946, 38, 63, 0, -1, -1, -1
356, 102, 982, 966, 40, 106, 0, -1, -1, -1
356, 104, 496, 957, 40, 145, 0, -1, -1, -1
356, 89, 2412, 980, 54, 71, 0, -1, -1, -1
357, 81, 296, 954, 45, 51, 0, -1, -1, -1
357, 101, 373, 946, 38, 63, 0, -1, -1, -1
357, 102, 982, 966, 40, 106, 0, -1, -1, -1
357, 104, 497, 957, 40, 145, 0, -1, -1, -1
357, 89, 2409, 983, 53, 71, 0, -1, -1, -1
358, 81, 296, 954, 45, 51, 0, -1, -1, -1
358, 101, 374, 948, 38, 63, 0, -1, -1, -1
358, 102, 984, 966, 39, 106, 0, -1, -1, -1
358, 104, 497, 957, 40, 145, 0, -1, -1, -1
358, 89, 2407, 982, 53, 71, 0, -1, -1, -1
359, 81, 296, 954, 45, 51, 0, -1, -1, -1
359, 101, 376, 948, 38, 63, 0, -1, -1, -1
359, 102, 984, 966, 39, 106, 0, -1, -1, -1
359, 104, 498, 957, 40, 146, 0, -1, -1, -1
359, 89, 2404, 982, 52, 70, 0, -1, -1, -1
360, 81, 297, 954, 45, 51, 0, -1, -1, -1
360, 101, 376, 948, 38, 63, 0, -1, -1, -1
360, 102, 984, 966, 39, 106, 0, -1, -1, -1
360, 104, 499, 957, 40, 146, 0, -1, -1, -1
360, 113, 1459, 957, 40, 146, 0, -1, -1, -1
360, 114, 1459, 957, 40, 146, 0, -1, -1, -1
360, 89, 2401, 982, 52, 70, 0, -1, -1, -1
360, 115, 2401, 982, 52, 70, 0, -1, -1, -1
360, 116, 2401, 982, 52, 70, 0, -1, -1, -1
360, 117, 2401, 982, 52, 70, 0, -1, -1, -1
360, 118, 2401, 982, 52, 70, 0, -1, -1, -1
360, 119, 2401, 982, 52, 70, 0, -1, -1, -1
360, 120, 2401, 982, 52, 70, 0, -1, -1, -1
361, 81, 299, 954, 45, 51, 0, -1, -1, -1
361, 101, 377, 950, 38, 62, 0, -1, -1, -1
361, 102, 984, 966, 39, 106, 0, -1, -1, -1
361, 104, 500, 957, 41, 146, 0, -1, -1, -1
361, 89, 2397, 982, 51, 70, 0, -1, -1, -1
361, 116, 2892, 943, 36, 89, 0, -1, -1, -1
361, 118, 2469, 955, 30, 87, 0, -1, -1, -1
362, 81, 299, 954, 45, 51, 0, -1, -1, -1
362, 101, 377, 950, 38, 62, 0, -1, -1, -1
362, 102, 986, 966, 39, 106, 0, -1, -1, -1
362, 104, 501, 957, 41, 146, 0, -1, -1, -1
362, 89, 2396, 982, 51, 69, 0, -1, -1, -1
362, 116, 2892, 943, 36, 89, 0, -1, -1, -1
362, 118, 2467, 955, 30, 87, 0, -1, -1, -1
363, 81, 300, 954, 44, 51, 0, -1, -1, -1
363, 101, 378, 950, 38, 62, 0, -1, -1, -1
363, 102, 986, 966, 39, 106, 0, -1, -1, -1
363, 104, 502, 957, 41, 147, 0, -1, -1, -1
363, 89, 2394, 982, 51, 69, 0, -1, -1, -1
363, 116, 2892, 943, 36, 89, 0, -1, -1, -1
363, 118, 2467, 955, 30, 87, 0, -1, -1, -1
364, 81, 300, 954, 44, 51, 0, -1, -1, -1
364, 101, 380, 951, 38, 62, 0, -1, -1, -1
364, 102, 986, 966, 39, 106, 0, -1, -1, -1
364, 104, 502, 957, 41, 147, 0, -1, -1, -1
364, 89, 2393, 982, 51, 69, 0, -1, -1, -1
364, 116, 2892, 943, 36, 89, 0, -1, -1, -1
364, 118, 2467, 955, 30, 87, 0, -1, -1, -1
365, 81, 300, 956, 44, 50, 0, -1, -1, -1
365, 101, 380, 951, 38, 62, 0, -1, -1, -1
365, 102, 986, 966, 39, 106, 0, -1, -1, -1
365, 104, 504, 958, 41, 147, 0, -1, -1, -1
365, 89, 2391, 982, 50, 69, 0, -1, -1, -1
365, 116, 2892, 943, 36, 89, 0, -1, -1, -1
365, 118, 2467, 956, 30, 87, 0, -1, -1, -1
366, 81, 302, 956, 44, 50, 0, -1, -1, -1
366, 101, 381, 951, 37, 62, 0, -1, -1, -1
366, 102, 988, 966, 39, 106, 0, -1, -1, -1
366, 104, 505, 958, 41, 147, 0, -1, -1, -1
366, 89, 2390, 982, 50, 69, 0, -1, -1, -1
366, 116, 2892, 943, 36, 89, 0, -1, -1, -1
366, 118, 2467, 956, 30, 87, 0, -1, -1, -1
367, 81, 302, 956, 44, 50, 0, -1, -1, -1
367, 101, 381, 953, 37, 62, 0, -1, -1, -1
367, 102, 988, 966, 39, 106, 0, -1, -1, -1
367, 104, 505, 958, 41, 147, 0, -1, -1, -1
367, 89, 2388, 982, 50, 69, 0, -1, -1, -1
367, 116, 2890, 943, 36, 89, 0, -1, -1, -1
367, 118, 2467, 956, 30, 87, 0, -1, -1, -1
368, 81, 303, 956, 44, 50, 0, -1, -1, -1
368, 101, 382, 953, 37, 62, 0, -1, -1, -1
368, 102, 988, 966, 39, 106, 0, -1, -1, -1
368, 104, 506, 958, 41, 147, 0, -1, -1, -1
368, 89, 2386, 982, 49, 68, 0, -1, -1, -1
368, 116, 2890, 943, 36, 89, 0, -1, -1, -1
368, 118, 2467, 956, 30, 87, 0, -1, -1, -1
369, 81, 303, 956, 44, 50, 0, -1, -1, -1
369, 101, 384, 953, 37, 62, 0, -1, -1, -1
369, 102, 988, 966, 39, 106, 0, -1, -1, -1
369, 104, 506, 960, 41, 147, 0, -1, -1, -1
369, 89, 2384, 982, 49, 68, 0, -1, -1, -1
369, 116, 2890, 943, 36, 89, 0, -1, -1, -1
369, 118, 2467, 956, 30, 87, 0, -1, -1, -1
370, 81, 303, 956, 44, 50, 0, -1, -1, -1
370, 101, 384, 953, 37, 62, 0, -1, -1, -1
370, 102, 988, 968, 39, 106, 0, -1, -1, -1
370, 104, 506, 960, 41, 147, 0, -1, -1, -1
370, 89, 2382, 982, 49, 68, 0, -1, -1, -1
370, 116, 2890, 943, 36, 89, 0, -1, -1, -1
370, 118, 2467, 956, 30, 87, 0, -1, -1, -1
371, 81, 303, 956, 44, 50, 0, -1, -1, -1
371, 101, 384, 953, 37, 62, 0, -1, -1, -1
371, 102, 988, 968, 39, 106, 0, -1, -1, -1
371, 104, 506, 960, 41, 147, 0, -1, -1, -1
371, 89, 2380, 981, 48, 68, 0, -1, -1, -1
371, 116, 2888, 943, 36, 89, 0, -1, -1, -1
371, 118, 2467, 956, 30, 87, 0, -1, -1, -1
372, 81, 303, 956, 44, 50, 0, -1, -1, -1
372, 101, 385, 953, 37, 62, 0, -1, -1, -1
372, 102, 988, 968, 39, 106, 0, -1, -1, -1
372, 104, 506, 960, 41, 147, 0, -1, -1, -1
372, 89, 2378, 981, 48, 67, 0, -1, -1, -1
372, 116, 2888, 943, 36, 89, 0, -1, -1, -1
372, 118, 2467, 958, 30, 87, 0, -1, -1, -1
373, 81, 305, 956, 44, 50, 0, -1, -1, -1
373, 101, 386, 953, 37, 61, 0, -1, -1, -1
373, 102, 988, 968, 39, 106, 0, -1, -1, -1
373, 104, 507, 960, 41, 148, 0, -1, -1, -1
373, 89, 2376, 981, 48, 67, 0, -1, -1, -1
373, 116, 2888, 943, 36, 89, 0, -1, -1, -1
373, 118, 2467, 958, 30, 87, 0, -1, -1, -1
374, 81, 307, 958, 44, 50, 0, -1, -1, -1
374, 101, 386, 953, 37, 61, 0, -1, -1, -1
374, 102, 988, 968, 39, 106, 0, -1, -1, -1
374, 104, 508, 960, 41, 148, 0, -1, -1, -1
374, 89, 2375, 979, 48, 67, 0, -1, -1, -1
374, 116, 2886, 943, 36, 89, 0, -1, -1, -1
374, 118, 2469, 958, 30, 87, 0, -1, -1, -1
375, 81, 307, 958, 44, 50, 0, -1, -1, -1
375, 101, 388, 953, 37, 61, 0, -1, -1, -1
375, 102, 988, 968, 39, 106, 0, -1, -1, -1
375, 104, 509, 960, 42, 148, 0, -1, -1, -1
375, 116, 2886, 943, 36, 89, 0, -1, -1, -1
375, 118, 2469, 958, 30, 87, 0, -1, -1, -1
376, 81, 308, 958, 44, 50, 0, -1, -1, -1
376, 101, 389, 953, 37, 61, 0, -1, -1, -1
376, 82, 648, 972, 31, 54, 0, -1, -1, -1
376, 102, 988, 968, 39, 106, 0, -1, -1, -1
376, 104, 510, 960, 42, 148, 0, -1, -1, -1
376, 89, 2376, 976, 48, 67, 0, -1, -1, -1
376, 116, 2886, 943, 36, 89, 0, -1, -1, -1
376, 118, 2470, 958, 30, 87, 0, -1, -1, -1
377, 81, 308, 958, 44, 50, 0, -1, -1, -1
377, 101, 390, 953, 37, 61, 0, -1, -1, -1
377, 82, 649, 972, 31, 54, 0, -1, -1, -1
377, 102, 988, 968, 39, 106, 0, -1, -1, -1
377, 104, 511, 960, 42, 148, 0, -1, -1, -1
377, 116, 2886, 943, 36, 89, 0, -1, -1, -1
377, 118, 2470, 958, 30, 87, 0, -1, -1, -1
378, 81, 310, 958, 44, 50, 0, -1, -1, -1
378, 101, 391, 953, 36, 61, 0, -1, -1, -1
378, 82, 649, 972, 31, 54, 0, -1, -1, -1
378, 102, 988, 968, 39, 106, 0, -1, -1, -1
378, 104, 512, 960, 42, 149, 0, -1, -1, -1
378, 116, 2886, 943, 36, 89, 0, -1, -1, -1
378, 118, 2471, 958, 30, 87, 0, -1, -1, -1
379, 81, 311, 958, 44, 50, 0, -1, -1, -1
379, 101, 393, 953, 36, 61, 0, -1, -1, -1
379, 82, 651, 972, 31, 54, 0, -1, -1, -1
379, 102, 988, 968, 39, 106, 0, -1, -1, -1
379, 104, 512, 960, 42, 149, 0, -1, -1, -1
379, 116, 2886, 943, 36, 89, 0, -1, -1, -1
379, 118, 2471, 958, 30, 87, 0, -1, -1, -1
380, 81, 311, 958, 44, 50, 0, -1, -1, -1
380, 101, 393, 953, 36, 61, 0, -1, -1, -1
380, 102, 988, 968, 39, 106, 0, -1, -1, -1
380, 104, 513, 960, 42, 149, 0, -1, -1, -1
380, 116, 2886, 943, 36, 89, 0, -1, -1, -1
380, 118, 2471, 958, 30, 87, 0, -1, -1, -1
381, 81, 313, 958, 43, 50, 0, -1, -1, -1
381, 101, 394, 953, 36, 61, 0, -1, -1, -1
381, 102, 988, 968, 39, 106, 0, -1, -1, -1
381, 104, 515, 960, 42, 149, 0, -1, -1, -1
381, 116, 2886, 943, 36, 89, 0, -1, -1, -1
381, 118, 2472, 958, 30, 87, 0, -1, -1, -1
382, 81, 313, 958, 43, 50, 0, -1, -1, -1
382, 101, 395, 953, 36, 61, 0, -1, -1, -1
382, 102, 988, 968, 39, 106, 0, -1, -1, -1
382, 104, 515, 960, 42, 149, 0, -1, -1, -1
382, 116, 2886, 943, 36, 89, 0, -1, -1, -1
382, 118, 2472, 958, 30, 87, 0, -1, -1, -1
383, 81, 314, 958, 43, 50, 0, -1, -1, -1
383, 101, 395, 951, 36, 61, 0, -1, -1, -1
383, 102, 988, 968, 39, 106, 0, -1, -1, -1
383, 104, 516, 960, 42, 149, 0, -1, -1, -1
383, 116, 2886, 943, 36, 89, 0, -1, -1, -1
383, 118, 2472, 958, 30, 87, 0, -1, -1, -1
384, 81, 314, 958, 43, 50, 0, -1, -1, -1
384, 101, 395, 951, 36, 61, 0, -1, -1, -1
384, 102, 988, 968, 39, 106, 0, -1, -1, -1
384, 104, 516, 958, 42, 149, 0, -1, -1, -1
384, 116, 2886, 943, 36, 89, 0, -1, -1, -1
384, 118, 2472, 960, 30, 88, 0, -1, -1, -1
385, 81, 314, 958, 43, 50, 0, -1, -1, -1
385, 101, 395, 951, 36, 61, 0, -1, -1, -1
385, 102, 986, 968, 39, 106, 0, -1, -1, -1
385, 104, 515, 958, 42, 149, 0, -1, -1, -1
385, 116, 2884, 943, 36, 89, 0, -1, -1, -1
385, 118, 2472, 960, 30, 88, 0, -1, -1, -1
386, 81, 314, 958, 43, 50, 0, -1, -1, -1
386, 101, 395, 951, 36, 61, 0, -1, -1, -1
386, 102, 986, 968, 39, 106, 0, -1, -1, -1
386, 104, 515, 958, 42, 149, 0, -1, -1, -1
386, 116, 2884, 943, 36, 89, 0, -1, -1, -1
386, 118, 2472, 960, 30, 88, 0, -1, -1, -1
387, 81, 314, 958, 43, 50, 0, -1, -1, -1
387, 101, 395, 951, 36, 61, 0, -1, -1, -1
387, 102, 984, 968, 39, 106, 0, -1, -1, -1
387, 104, 515, 958, 42, 149, 0, -1, -1, -1
387, 116, 2884, 943, 36, 89, 0, -1, -1, -1
387, 118, 2472, 960, 30, 88, 0, -1, -1, -1
388, 81, 316, 958, 43, 50, 0, -1, -1, -1
388, 101, 397, 951, 36, 61, 0, -1, -1, -1
388, 102, 984, 968, 39, 106, 0, -1, -1, -1
388, 104, 516, 958, 42, 149, 0, -1, -1, -1
388, 116, 2884, 943, 36, 89, 0, -1, -1, -1
388, 118, 2474, 960, 31, 88, 0, -1, -1, -1
389, 81, 316, 958, 43, 50, 0, -1, -1, -1
389, 101, 398, 952, 36, 61, 0, -1, -1, -1
389, 102, 984, 968, 39, 106, 0, -1, -1, -1
389, 104, 516, 958, 42, 149, 0, -1, -1, -1
389, 116, 2884, 943, 36, 89, 0, -1, -1, -1
389, 118, 2474, 960, 31, 88, 0, -1, -1, -1
390, 81, 317, 958, 43, 50, 0, -1, -1, -1
390, 101, 398, 952, 36, 61, 0, -1, -1, -1
390, 102, 984, 968, 39, 106, 0, -1, -1, -1
390, 104, 516, 958, 42, 149, 0, -1, -1, -1
390, 121, 1476, 958, 42, 149, 0, -1, -1, -1
390, 122, 1476, 958, 42, 149, 0, -1, -1, -1
390, 123, 1476, 958, 42, 149, 0, -1, -1, -1
390, 116, 2884, 943, 36, 89, 0, -1, -1, -1
390, 118, 2475, 960, 31, 88, 0, -1, -1, -1
390, 124, 2475, 960, 31, 88, 0, -1, -1, -1
390, 125, 2475, 960, 31, 88, 0, -1, -1, -1
390, 126, 2475, 960, 31, 88, 0, -1, -1, -1
390, 127, 2475, 960, 31, 88, 0, -1, -1, -1
