172 296 26 75 321 299 4 12 335 299 5 12 597 297 10 33 327 299 4 12 317 300 4 11 
190 303 14 47 279 301 15 75 465 299 10 26 385 304 6 21 
53 301 25 59 226 302 15 25 312 301 11 27 
144 297 17 40 
163 297 28 72 323 298 4 14 596 297 11 32 338 298 7 14 329 299 5 12 
195 302 13 45 280 301 17 74 467 300 10 24 386 304 7 21 
53 301 26 58 315 301 11 27 219 302 17 25 
143 297 15 40 
150 297 29 72 595 297 12 33 344 297 6 15 328 300 4 11 335 299 5 12 
199 302 14 46 181 299 14 49 281 303 23 70 473 302 14 20 383 305 15 23 
39 302 26 56 312 301 13 27 203 302 16 27 
142 298 16 38 
148 294 29 74 596 297 11 32 337 299 5 12 347 298 5 14 332 300 5 11 
200 304 27 41 285 312 31 58 178 299 15 49 492 303 10 21 405 307 9 16 
8 304 34 54 309 301 11 27 193 301 10 27 
142 297 17 40 
152 293 20 71 338 299 5 13 345 299 6 13 598 297 9 32 354 298 5 14 
310 302 25 57 225 303 20 38 177 300 22 48 502 299 11 27 429 302 19 23 595 312 12 38 0 293 4 30 
183 302 12 27 308 301 9 28 
145 298 16 39 
153 298 23 63 343 299 6 13 359 298 5 14 598 297 9 33 352 299 5 12 
330 303 21 53 243 304 14 37 509 301 17 25 189 304 28 41 577 304 20 43 475 302 13 24 0 292 4 43 
176 303 12 26 306 301 9 27 
145 297 17 43 
141 300 28 62 347 299 5 13 362 298 6 14 355 299 5 13 597 297 10 32 
242 301 12 40 346 302 16 48 212 300 14 45 506 302 18 27 575 308 29 35 525 303 18 25 
308 300 9 28 176 302 13 27 
144 300 17 41 
132 303 28 62 594 297 13 32 368 298 6 14 360 299 5 12 352 299 6 12 
217 301 15 41 232 303 13 39 346 301 15 50 525 303 16 26 
182 305 11 26 310 302 12 27 4 302 30 39 
138 298 15 39 
103 305 41 70 594 297 13 32 369 299 5 13 359 299 6 13 
337 304 16 46 209 300 15 44 500 303 28 30 
192 303 17 31 316 302 12 27 50 304 20 36 
133 299 16 34 
22 299 74 91 589 296 16 34 377 298 6 14 362 299 6 13 371 299 5 13 
316 302 30 54 188 302 27 52 474 301 19 29 
323 301 11 29 87 303 31 40 207 302 21 34 
138 299 14 33 
582 295 16 36 369 299 5 13 384 298 5 14 377 299 6 12 
297 302 31 60 135 303 31 59 444 300 20 33 166 300 21 54 
331 301 12 28 237 305 15 33 153 307 21 37 
503 303 56 85 141 302 16 28 
577 295 16 36 385 299 6 13 377 299 6 13 
60 304 29 73 261 305 27 59 136 298 24 60 419 302 12 24 406 301 12 31 
341 299 14 31 247 303 15 36 220 306 17 38 
408 300 54 66 140 301 16 31 
572 297 13 33 379 299 5 13 392 299 6 13 386 299 5 13 
87 297 45 72 0 301 46 87 221 304 34 66 367 301 13 33 394 301 14 25 
351 300 11 30 246 302 14 32 283 306 30 37 
124 298 21 38 341 304 25 53 
565 297 15 34 393 299 5 14 385 299 6 13 399 298 5 16 
12 297 53 96 77 292 35 78 179 307 34 68 330 302 20 32 371 302 12 26 
239 302 13 30 356 302 18 44 
287 302 26 47 119 301 26 40 
401 298 6 16 561 298 15 31 392 299 6 14 
155 309 38 78 60 300 55 87 345 301 15 27 301 300 18 36 
358 299 13 32 225 305 18 28 420 305 31 48 
232 300 28 46 96 302 28 46 
557 299 14 30 407 298 8 15 394 300 6 13 
147 311 48 107 91 294 28 78 275 301 13 39 325 303 11 25 
358 299 12 32 200 306 19 29 489 305 23 54 
83 305 31 51 177 303 27 50 
551 297 14 33 401 299 6 15 410 299 5 14 
155 312 50 140 87 296 29 73 250 302 17 39 307 302 12 27 
357 299 13 32 172 306 18 31 543 299 44 65 
134 303 37 61 
172 296 26 75 321 299 4 12 335 299 5 12 597 297 10 33 327 299 4 12 317 300 4 11 
190 303 14 47 279 301 15 75 465 299 10 26 385 304 6 21 
53 301 25 59 226 302 15 25 312 301 11 27 
144 297 17 40 
163 297 28 72 323 298 4 14 596 297 11 32 338 298 7 14 329 299 5 12 
195 302 13 45 280 301 17 74 467 300 10 24 386 304 7 21 
53 301 26 58 315 301 11 27 219 302 17 25 
143 297 15 40 
150 297 29 72 595 297 12 33 344 297 6 15 328 300 4 11 335 299 5 12 
199 302 14 46 181 299 14 49 281 303 23 70 473 302 14 20 383 305 15 23 
39 302 26 56 312 301 13 27 203 302 16 27 
142 298 16 38 
148 294 29 74 596 297 11 32 337 299 5 12 347 298 5 14 332 300 5 11 
200 304 27 41 285 312 31 58 178 299 15 49 492 303 10 21 405 307 9 16 
8 304 34 54 309 301 11 27 193 301 10 27 
142 297 17 40 
152 293 20 71 338 299 5 13 345 299 6 13 598 297 9 32 354 298 5 14 
310 302 25 57 225 303 20 38 177 300 22 48 502 299 11 27 429 302 19 23 595 312 12 38 0 293 4 30 
183 302 12 27 308 301 9 28 
145 298 16 39 
153 298 23 63 343 299 6 13 359 298 5 14 598 297 9 33 352 299 5 12 
330 303 21 53 243 304 14 37 509 301 17 25 189 304 28 41 577 304 20 43 475 302 13 24 0 292 4 43 
176 303 12 26 306 301 9 27 
145 297 17 43 
141 300 28 62 347 299 5 13 362 298 6 14 355 299 5 13 597 297 10 32 
242 301 12 40 346 302 16 48 212 300 14 45 506 302 18 27 575 308 29 35 525 303 18 25 
308 300 9 28 176 302 13 27 
144 300 17 41 
132 303 28 62 594 297 13 32 368 298 6 14 360 299 5 12 352 299 6 12 
217 301 15 41 232 303 13 39 346 301 15 50 525 303 16 26 
182 305 11 26 310 302 12 27 4 302 30 39 
138 298 15 39 
103 305 41 70 594 297 13 32 369 299 5 13 359 299 6 13 
337 304 16 46 209 300 15 44 500 303 28 30 
192 303 17 31 316 302 12 27 50 304 20 36 
133 299 16 34 
22 299 74 91 589 296 16 34 377 298 6 14 362 299 6 13 371 299 5 13 
316 302 30 54 188 302 27 52 474 301 19 29 
323 301 11 29 87 303 31 40 207 302 21 34 
138 299 14 33 
582 295 16 36 369 299 5 13 384 298 5 14 377 299 6 12 
297 302 31 60 135 303 31 59 444 300 20 33 166 300 21 54 
331 301 12 28 237 305 15 33 153 307 21 37 
503 303 56 85 141 302 16 28 
577 295 16 36 385 299 6 13 377 299 6 13 
60 304 29 73 261 305 27 59 136 298 24 60 419 302 12 24 406 301 12 31 
341 299 14 31 247 303 15 36 220 306 17 38 
408 300 54 66 140 301 16 31 
572 297 13 33 379 299 5 13 392 299 6 13 386 299 5 13 
87 297 45 72 0 301 46 87 221 304 34 66 367 301 13 33 394 301 14 25 
351 300 11 30 246 302 14 32 283 306 30 37 
124 298 21 38 341 304 25 53 
565 297 15 34 393 299 5 14 385 299 6 13 399 298 5 16 
12 297 53 96 77 292 35 78 179 307 34 68 330 302 20 32 371 302 12 26 
239 302 13 30 356 302 18 44 
287 302 26 47 119 301 26 40 
401 298 6 16 561 298 15 31 392 299 6 14 
155 309 38 78 60 300 55 87 345 301 15 27 301 300 18 36 
358 299 13 32 225 305 18 28 420 305 31 48 
232 300 28 46 96 302 28 46 
557 299 14 30 407 298 8 15 394 300 6 13 
147 311 48 107 91 294 28 78 275 301 13 39 325 303 11 25 
358 299 12 32 200 306 19 29 489 305 23 54 
83 305 31 51 177 303 27 50 
551 297 14 33 401 299 6 15 410 299 5 14 
155 312 50 140 87 296 29 73 250 302 17 39 307 302 12 27 
357 299 13 32 172 306 18 31 543 299 44 65 
134 303 37 61 
172 296 26 75 321 299 4 12 335 299 5 12 597 297 10 33 327 299 4 12 317 300 4 11 
190 303 14 47 279 301 15 75 465 299 10 26 385 304 6 21 
53 301 25 59 226 302 15 25 312 301 11 27 
144 297 17 40 
163 297 28 72 323 298 4 14 596 297 11 32 338 298 7 14 329 299 5 12 
195 302 13 45 280 301 17 74 467 300 10 24 386 304 7 21 
53 301 26 58 315 301 11 27 219 302 17 25 
143 297 15 40 
150 297 29 72 595 297 12 33 344 297 6 15 328 300 4 11 335 299 5 12 
199 302 14 46 181 299 14 49 281 303 23 70 473 302 14 20 383 305 15 23 
39 302 26 56 312 301 13 27 203 302 16 27 
142 298 16 38 
148 294 29 74 596 297 11 32 337 299 5 12 347 298 5 14 332 300 5 11 
200 304 27 41 285 312 31 58 178 299 15 49 492 303 10 21 405 307 9 16 
8 304 34 54 309 301 11 27 193 301 10 27 
142 297 17 40 
152 293 20 71 338 299 5 13 345 299 6 13 598 297 9 32 354 298 5 14 
310 302 25 57 225 303 20 38 177 300 22 48 502 299 11 27 429 302 19 23 595 312 12 38 0 293 4 30 
183 302 12 27 308 301 9 28 
145 298 16 39 
153 298 23 63 343 299 6 13 359 298 5 14 598 297 9 33 352 299 5 12 
330 303 21 53 243 304 14 37 509 301 17 25 189 304 28 41 577 304 20 43 475 302 13 24 0 292 4 43 
176 303 12 26 306 301 9 27 
145 297 17 43 
141 300 28 62 347 299 5 13 362 298 6 14 355 299 5 13 597 297 10 32 
242 301 12 40 346 302 16 48 212 300 14 45 506 302 18 27 575 308 29 35 525 303 18 25 
308 300 9 28 176 302 13 27 
144 300 17 41 
132 303 28 62 594 297 13 32 368 298 6 14 360 299 5 12 352 299 6 12 
217 301 15 41 232 303 13 39 346 301 15 50 525 303 16 26 
182 305 11 26 310 302 12 27 4 302 30 39 
138 298 15 39 
103 305 41 70 594 297 13 32 369 299 5 13 359 299 6 13 
337 304 16 46 209 300 15 44 500 303 28 30 
192 303 17 31 316 302 12 27 50 304 20 36 
133 299 16 34 
22 299 74 91 589 296 16 34 377 298 6 14 362 299 6 13 371 299 5 13 
316 302 30 54 188 302 27 52 474 301 19 29 
323 301 11 29 87 303 31 40 207 302 21 34 
138 299 14 33 
582 295 16 36 369 299 5 13 384 298 5 14 377 299 6 12 
297 302 31 60 135 303 31 59 444 300 20 33 166 300 21 54 
331 301 12 28 237 305 15 33 153 307 21 37 
503 303 56 85 141 302 16 28 
577 295 16 36 385 299 6 13 377 299 6 13 
60 304 29 73 261 305 27 59 136 298 24 60 419 302 12 24 406 301 12 31 
341 299 14 31 247 303 15 36 220 306 17 38 
408 300 54 66 140 301 16 31 
572 297 13 33 379 299 5 13 392 299 6 13 386 299 5 13 
87 297 45 72 0 301 46 87 221 304 34 66 367 301 13 33 394 301 14 25 
351 300 11 30 246 302 14 32 283 306 30 37 
124 298 21 38 341 304 25 53 
565 297 15 34 393 299 5 14 385 299 6 13 399 298 5 16 
12 297 53 96 77 292 35 78 179 307 34 68 330 302 20 32 371 302 12 26 
239 302 13 30 356 302 18 44 
287 302 26 47 119 301 26 40 
401 298 6 16 561 298 15 31 392 299 6 14 
155 309 38 78 60 300 55 87 345 301 15 27 301 300 18 36 
358 299 13 32 225 305 18 28 420 305 31 48 
232 300 28 46 96 302 28 46 
557 299 14 30 407 298 8 15 394 300 6 13 
147 311 48 107 91 294 28 78 275 301 13 39 325 303 11 25 
358 299 12 32 200 306 19 29 489 305 23 54 
83 305 31 51 177 303 27 50 
551 297 14 33 401 299 6 15 410 299 5 14 
155 312 50 140 87 296 29 73 250 302 17 39 307 302 12 27 
357 299 13 32 172 306 18 31 543 299 44 65 
134 303 37 61 
172 296 26 75 321 299 4 12 335 299 5 12 597 297 10 33 327 299 4 12 317 300 4 11 
190 303 14 47 279 301 15 75 465 299 10 26 385 304 6 21 
53 301 25 59 226 302 15 25 312 301 11 27 
144 297 17 40 
163 297 28 72 323 298 4 14 596 297 11 32 338 298 7 14 329 299 5 12 
195 302 13 45 280 301 17 74 467 300 10 24 386 304 7 21 
53 301 26 58 315 301 11 27 219 302 17 25 
143 297 15 40 
150 297 29 72 595 297 12 33 344 297 6 15 328 300 4 11 335 299 5 12 
199 302 14 46 181 299 14 49 281 303 23 70 473 302 14 20 383 305 15 23 
39 302 26 56 312 301 13 27 203 302 16 27 
142 298 16 38 
148 294 29 74 596 297 11 32 337 299 5 12 347 298 5 14 332 300 5 11 
200 304 27 41 285 312 31 58 178 299 15 49 492 303 10 21 405 307 9 16 
8 304 34 54 309 301 11 27 193 301 10 27 
142 297 17 40 
152 293 20 71 338 299 5 13 345 299 6 13 598 297 9 32 354 298 5 14 
310 302 25 57 225 303 20 38 177 300 22 48 502 299 11 27 429 302 19 23 595 312 12 38 0 293 4 30 
183 302 12 27 308 301 9 28 
145 298 16 39 
153 298 23 63 343 299 6 13 359 298 5 14 598 297 9 33 352 299 5 12 
330 303 21 53 243 304 14 37 509 301 17 25 189 304 28 41 577 304 20 43 475 302 13 24 0 292 4 43 
176 303 12 26 306 301 9 27 
145 297 17 43 
141 300 28 62 347 299 5 13 362 298 6 14 355 299 5 13 597 297 10 32 
242 301 12 40 346 302 16 48 212 300 14 45 506 302 18 27 575 308 29 35 525 303 18 25 
308 300 9 28 176 302 13 27 
144 300 17 41 
132 303 28 62 594 297 13 32 368 298 6 14 360 299 5 12 352 299 6 12 
217 301 15 41 232 303 13 39 346 301 15 50 525 303 16 26 
182 305 11 26 310 302 12 27 4 302 30 39 
138 298 15 39 
103 305 41 70 594 297 13 32 369 299 5 13 359 299 6 13 
337 304 16 46 209 300 15 44 500 303 28 30 
192 303 17 31 316 302 12 27 50 304 20 36 
133 299 16 34 
22 299 74 91 589 296 16 34 377 298 6 14 362 299 6 13 371 299 5 13 
316 302 30 54 188 302 27 52 474 301 19 29 
323 301 11 29 87 303 31 40 207 302 21 34 
138 299 14 33 
582 295 16 36 369 299 5 13 384 298 5 14 377 299 6 12 
297 302 31 60 135 303 31 59 444 300 20 33 166 300 21 54 
331 301 12 28 237 305 15 33 153 307 21 37 
503 303 56 85 141 302 16 28 
577 295 16 36 385 299 6 13 377 299 6 13 
60 304 29 73 261 305 27 59 136 298 24 60 419 302 12 24 406 301 12 31 
341 299 14 31 247 303 15 36 220 306 17 38 
408 300 54 66 140 301 16 31 
572 297 13 33 379 299 5 13 392 299 6 13 386 299 5 13 
87 297 45 72 0 301 46 87 221 304 34 66 367 301 13 33 394 301 14 25 
351 300 11 30 246 302 14 32 283 306 30 37 
124 298 21 38 341 304 25 53 
565 297 15 34 393 299 5 14 385 299 6 13 399 298 5 16 
12 297 53 96 77 292 35 78 179 307 34 68 330 302 20 32 371 302 12 26 
239 302 13 30 356 302 18 44 
287 302 26 47 119 301 26 40 
401 298 6 16 561 298 15 31 392 299 6 14 
155 309 38 78 60 300 55 87 345 301 15 27 301 300 18 36 
358 299 13 32 225 305 18 28 420 305 31 48 
232 300 28 46 96 302 28 46 
557 299 14 30 407 298 8 15 394 300 6 13 
147 311 48 107 91 294 28 78 275 301 13 39 325 303 11 25 
358 299 12 32 200 306 19 29 489 305 23 54 
83 305 31 51 177 303 27 50 
551 297 14 33 401 299 6 15 410 299 5 14 
155 312 50 140 87 296 29 73 250 302 17 39 307 302 12 27 
357 299 13 32 172 306 18 31 543 299 44 65 
134 303 37 61 
172 296 26 75 321 299 4 12 335 299 5 12 597 297 10 33 327 299 4 12 317 300 4 11 
190 303 14 47 279 301 15 75 465 299 10 26 385 304 6 21 
53 301 25 59 226 302 15 25 312 301 11 27 
144 297 17 40 
163 297 28 72 323 298 4 14 596 297 11 32 338 298 7 14 329 299 5 12 
195 302 13 45 280 301 17 74 467 300 10 24 386 304 7 21 
53 301 26 58 315 301 11 27 219 302 17 25 
143 297 15 40 
150 297 29 72 595 297 12 33 344 297 6 15 328 300 4 11 335 299 5 12 
199 302 14 46 181 299 14 49 281 303 23 70 473 302 14 20 383 305 15 23 
39 302 26 56 312 301 13 27 203 302 16 27 
142 298 16 38 
148 294 29 74 596 297 11 32 337 299 5 12 347 298 5 14 332 300 5 11 
200 304 27 41 285 312 31 58 178 299 15 49 492 303 10 21 405 307 9 16 
8 304 34 54 309 301 11 27 193 301 10 27 
142 297 17 40 
152 293 20 71 338 299 5 13 345 299 6 13 598 297 9 32 354 298 5 14 
310 302 25 57 225 303 20 38 177 300 22 48 502 299 11 27 429 302 19 23 595 312 12 38 0 293 4 30 
183 302 12 27 308 301 9 28 
145 298 16 39 
