person 0.99429527 2258 965 2284 1023 
person 0.93836586 2385 964 2398 1007 
person 0.85192329 2044 964 2063 1009 
person 0.98679405 2808 957 2832 1017 
person 0.98555061 2491 955 2536 1027 
person 0.98450562 2735 949 2758 1012 
person 0.96590302 2779 954 2801 1012 
person 0.93609108 2687 961 2705 996 
person 0.72276215 384 957 421 1023 
person 0.64654068 464 957 478 1019 
person 0.91620834 1070 971 1105 1062 
person 0.66586525 479 957 505 1023 
person 0.56269539 618 969 647 1025 
person 0.88386093 581 1470 2682 1753 
