person 0.98492996 2176 963 2204 1026 
person 0.8413871 2028 964 2049 1019 
person 0.99549797 2435 959 2464 1027 
person 0.99437759 2735 947 2760 1019 
person 0.99389076 2477 969 2499 1020 
person 0.99388382 2906 954 2935 1017 
person 0.99100754 2832 949 2862 1025 
person 0.98934723 2687 957 2712 1008 
person 0.70478127 2506 953 2519 981 
person 0.51184505 296 957 335 1009 
person 0.78428665 1001 969 1027 1067 
person 0.55956696 640 974 670 1020 
person 0.51533638 498 964 534 1092 
person 0.80232925 483 1438 2630 1767 
