person 0.972774624825 1063.0 973.0 1092.0 1049.0 
person 0.969867706299 2599.0 962.0 2624.0 1015.0 
person 0.944655060768 2750.0 953.0 2773.0 1012.0 
person 0.94217312336 2479.0 953.0 2500.0 1019.0 
person 0.87739944458 2253.0 968.0 2274.0 1021.0 
person 0.85982054472 2049.0 965.0 2070.0 1004.0 
person 0.804322183132 2322.0 959.0 2340.0 1006.0 
person 0.731863856316 2848.0 956.0 2871.0 997.0 
person 0.679369330406 0.0 1509.0 1098.0 1882.0 
person 0.644089877605 2845.0 957.0 2863.0 996.0 
person 0.627002835274 2854.0 957.0 2876.0 997.0 
