person 0.966071248055 2480.0 954.0 2502.0 1019.0 
person 0.965869665146 1076.0 971.0 1100.0 1050.0 
person 0.953811943531 2613.0 963.0 2641.0 1017.0 
person 0.948278784752 2259.0 965.0 2280.0 1019.0 
person 0.918954968452 2757.0 960.0 2789.0 1015.0 
person 0.877695322037 2050.0 966.0 2069.0 1006.0 
person 0.779164910316 2833.0 957.0 2858.0 998.0 
person 0.768902182579 2326.0 959.0 2343.0 1005.0 
person 0.7603276968 2862.0 964.0 2874.0 996.0 
person 0.641094624996 2854.0 960.0 2871.0 996.0 
person 0.633338570595 2844.0 959.0 2868.0 998.0 
