person 0.950436770916 2043.0 961.0 2062.0 1005.0 
person 0.936024785042 2755.0 959.0 2781.0 1012.0 
person 0.923348665237 2275.0 964.0 2300.0 1022.0 
person 0.919969260693 2484.0 962.0 2505.0 1022.0 
person 0.91754758358 1089.0 972.0 1115.0 1054.0 
person 0.881213963032 299.0 1496.0 1349.0 1839.0 
person 0.754970252514 2826.0 959.0 2842.0 1003.0 
person 0.71799069643 2802.0 955.0 2823.0 1003.0 
person 0.712784945965 2332.0 961.0 2350.0 1005.0 
person 0.707324445248 2642.0 959.0 2658.0 999.0 
person 0.645020723343 2667.0 965.0 2698.0 1013.0 
person 0.643400549889 2637.0 958.0 2655.0 996.0 
person 0.612471520901 2810.0 954.0 2830.0 1003.0 
