person 0.975005149841 2731.0 953.0 2757.0 1019.0 
person 0.932895421982 2837.0 949.0 2865.0 1027.0 
person 0.924510717392 2444.0 964.0 2465.0 1023.0 
person 0.910775065422 980.0 969.0 1011.0 1060.0 
person 0.88577657938 2023.0 967.0 2043.0 1019.0 
person 0.884541630745 2676.0 960.0 2699.0 1007.0 
person 0.852969944477 2150.0 965.0 2178.0 1028.0 
person 0.840843498707 2914.0 952.0 2943.0 1014.0 
person 0.794100999832 0.0 1451.0 735.0 1830.0 
person 0.718015730381 2825.0 949.0 2850.0 1024.0 
person 0.715884387493 2501.0 956.0 2540.0 1031.0 
