person 0.975376427174 2730.0 953.0 2757.0 1020.0 
person 0.967863559723 2147.0 963.0 2177.0 1026.0 
person 0.94753831625 2444.0 964.0 2466.0 1023.0 
person 0.944634854794 3.0 1455.0 633.0 1835.0 
person 0.944272041321 2841.0 949.0 2869.0 1029.0 
person 0.935929179192 2023.0 965.0 2044.0 1018.0 
person 0.916144371033 979.0 968.0 1010.0 1061.0 
person 0.89741641283 2676.0 959.0 2699.0 1007.0 
person 0.895086288452 2915.0 951.0 2943.0 1013.0 
person 0.851276516914 2824.0 948.0 2850.0 1024.0 
person 0.827185153961 2502.0 954.0 2535.0 1030.0 
person 0.677637696266 2838.0 947.0 2858.0 1025.0 
