person 0.976739406586 2483.0 954.0 2542.0 1033.0 
person 0.97489964962 2144.0 965.0 2171.0 1024.0 
person 0.954422354698 2729.0 953.0 2755.0 1023.0 
person 0.953958570957 974.0 966.0 1007.0 1068.0 
person 0.952533900738 2848.0 953.0 2880.0 1030.0 
person 0.947272777557 0.0 1441.0 799.0 1876.0 
person 0.905207931995 2674.0 958.0 2692.0 1005.0 
person 0.889060258865 2449.0 958.0 2473.0 1022.0 
person 0.873661458492 2823.0 948.0 2848.0 1024.0 
person 0.87124568224 2025.0 965.0 2045.0 1015.0 
person 0.730484247208 2918.0 952.0 2947.0 1013.0 
