person 0.977800130844 2477.0 959.0 2537.0 1037.0 
person 0.967848837376 2143.0 962.0 2166.0 1025.0 
person 0.962921023369 1.0 1422.0 890.0 1862.0 
person 0.961388647556 2849.0 950.0 2881.0 1029.0 
person 0.952209949493 2727.0 952.0 2754.0 1021.0 
person 0.941646695137 971.0 964.0 1004.0 1068.0 
person 0.924294233322 2450.0 958.0 2476.0 1021.0 
person 0.911730885506 2820.0 948.0 2846.0 1023.0 
person 0.85632365942 249.0 1410.0 1123.0 1791.0 
person 0.852208316326 2917.0 953.0 2946.0 1012.0 
person 0.830378711224 2669.0 957.0 2690.0 1004.0 
person 0.779399812222 2025.0 965.0 2046.0 1016.0 
