person 0.991526544094 0.0 1424.0 952.0 1845.0 
person 0.971151769161 2142.0 961.0 2166.0 1025.0 
person 0.968364298344 2849.0 948.0 2882.0 1028.0 
person 0.956211030483 2727.0 952.0 2754.0 1021.0 
person 0.949755072594 970.0 965.0 1004.0 1067.0 
person 0.932453930378 2479.0 960.0 2534.0 1036.0 
person 0.909492731094 2450.0 959.0 2477.0 1023.0 
person 0.900501191616 2819.0 949.0 2845.0 1020.0 
person 0.896926641464 2917.0 950.0 2945.0 1013.0 
person 0.886425793171 282.0 1425.0 1081.0 1779.0 
person 0.858611524105 2666.0 958.0 2689.0 1005.0 
person 0.820861756802 2025.0 965.0 2047.0 1016.0 
