person 0.96613907814 2143.0 962.0 2166.0 1025.0 
person 0.965546905994 249.0 1427.0 1102.0 1788.0 
person 0.961843132973 2851.0 947.0 2882.0 1028.0 
person 0.957998692989 0.0 1432.0 888.0 1860.0 
person 0.955189526081 2483.0 960.0 2533.0 1036.0 
person 0.954368710518 2727.0 951.0 2754.0 1021.0 
person 0.945359110832 970.0 965.0 1004.0 1067.0 
person 0.921240210533 2818.0 944.0 2845.0 1021.0 
person 0.865442812443 2451.0 960.0 2478.0 1023.0 
person 0.829442918301 2665.0 961.0 2688.0 1007.0 
person 0.809012115002 2028.0 966.0 2048.0 1017.0 
person 0.696244359016 2918.0 953.0 2946.0 1012.0 
