person 0.97302377224 2145.0 962.0 2168.0 1027.0 
person 0.969827473164 0.0 1447.0 916.0 1890.0 
person 0.955636203289 970.0 965.0 1005.0 1067.0 
person 0.955191671848 2816.0 937.0 2846.0 1025.0 
person 0.948184132576 2726.0 950.0 2753.0 1024.0 
person 0.92473423481 2456.0 960.0 2479.0 1024.0 
person 0.916481256485 2862.0 946.0 2886.0 1028.0 
person 0.898862838745 2502.0 957.0 2528.0 1035.0 
person 0.87555795908 2918.0 952.0 2947.0 1014.0 
person 0.874094307423 2030.0 967.0 2052.0 1017.0 
person 0.831015825272 2666.0 961.0 2689.0 1006.0 
