person 0.988723158836 0.0 1448.0 980.0 1865.0 
person 0.973875463009 2145.0 962.0 2168.0 1027.0 
person 0.970270752907 2815.0 932.0 2845.0 1023.0 
person 0.95322316885 2725.0 951.0 2753.0 1024.0 
person 0.949189543724 970.0 964.0 1005.0 1068.0 
person 0.948805630207 2863.0 946.0 2888.0 1025.0 
person 0.938353598118 2031.0 963.0 2053.0 1015.0 
person 0.903894782066 2503.0 953.0 2528.0 1035.0 
person 0.893449783325 2458.0 960.0 2480.0 1024.0 
person 0.85212123394 2665.0 961.0 2688.0 1007.0 
person 0.845339477062 2918.0 952.0 2946.0 1014.0 
