person 0.975595831871 2145.0 962.0 2168.0 1027.0 
person 0.96266657114 2725.0 951.0 2753.0 1025.0 
person 0.94896620512 0.0 1454.0 1000.0 1850.0 
person 0.947498202324 2864.0 946.0 2889.0 1026.0 
person 0.947397470474 2815.0 939.0 2845.0 1025.0 
person 0.93063890934 971.0 964.0 1004.0 1066.0 
person 0.930608451366 2032.0 964.0 2053.0 1015.0 
person 0.92157793045 2502.0 954.0 2529.0 1037.0 
person 0.913835525513 2459.0 960.0 2481.0 1025.0 
person 0.800536036491 2664.0 961.0 2687.0 1007.0 
person 0.750817418098 2919.0 953.0 2947.0 1014.0 
