person 0.972207069397 2866.0 953.0 2897.0 1030.0 
person 0.969138264656 2145.0 964.0 2171.0 1026.0 
person 0.968251883984 2727.0 952.0 2754.0 1023.0 
person 0.962277948856 0.0 1466.0 972.0 1880.0 
person 0.960151672363 970.0 965.0 1005.0 1069.0 
person 0.950934648514 2464.0 961.0 2487.0 1027.0 
person 0.942134797573 2034.0 966.0 2055.0 1015.0 
person 0.923587203026 2809.0 947.0 2840.0 1025.0 
person 0.8736307621 2660.0 958.0 2680.0 1004.0 
person 0.84647911787 2498.0 961.0 2535.0 1039.0 
person 0.664927363396 2921.0 953.0 2947.0 1013.0 
