person 0.980173707008 2146.0 961.0 2173.0 1028.0 
person 0.973376333714 970.0 964.0 1005.0 1070.0 
person 0.970878899097 2727.0 951.0 2753.0 1022.0 
person 0.965761005878 2494.0 956.0 2527.0 1042.0 
person 0.957954227924 2465.0 961.0 2489.0 1024.0 
person 0.954184710979 2035.0 965.0 2057.0 1017.0 
person 0.945791721344 0.0 1468.0 978.0 1873.0 
person 0.940487742424 2799.0 948.0 2829.0 1024.0 
person 0.908573150635 2872.0 951.0 2901.0 1027.0 
person 0.784100353718 2653.0 957.0 2675.0 1003.0 
person 0.605806052685 2923.0 952.0 2948.0 1014.0 
