person 0.981078624725 2147.0 961.0 2173.0 1028.0 
person 0.975222468376 2796.0 949.0 2829.0 1026.0 
person 0.970294713974 970.0 965.0 1005.0 1069.0 
person 0.961119830608 2726.0 951.0 2753.0 1024.0 
person 0.960321485996 2036.0 965.0 2058.0 1017.0 
person 0.958399713039 2494.0 954.0 2527.0 1041.0 
person 0.956737577915 2465.0 961.0 2489.0 1024.0 
person 0.904752016068 0.0 1465.0 1034.0 1879.0 
person 0.865967571735 2874.0 949.0 2901.0 1024.0 
person 0.771833240986 2651.0 958.0 2675.0 1006.0 
person 0.627426087856 2923.0 952.0 2949.0 1014.0 
