person 0.983779489994 2147.0 961.0 2173.0 1028.0 
person 0.981704711914 2793.0 949.0 2829.0 1023.0 
person 0.969940185547 969.0 966.0 1005.0 1069.0 
person 0.958889484406 0.0 1462.0 990.0 1872.0 
person 0.956348419189 2464.0 960.0 2490.0 1024.0 
person 0.955037176609 2037.0 966.0 2058.0 1017.0 
person 0.952354192734 2726.0 951.0 2754.0 1024.0 
person 0.944873869419 2493.0 956.0 2526.0 1039.0 
person 0.854447364807 2649.0 958.0 2675.0 1006.0 
person 0.782608151436 2880.0 951.0 2904.0 1021.0 
person 0.705320239067 2922.0 952.0 2948.0 1014.0 
