person 0.984295964241 2788.0 952.0 2830.0 1025.0 
person 0.984120905399 2147.0 961.0 2175.0 1028.0 
person 0.968558311462 969.0 966.0 1005.0 1070.0 
person 0.959418773651 2038.0 966.0 2058.0 1017.0 
person 0.957758367062 2726.0 951.0 2753.0 1023.0 
person 0.951824605465 2492.0 957.0 2524.0 1038.0 
person 0.939587414265 2464.0 960.0 2490.0 1025.0 
person 0.916570484638 0.0 1467.0 1037.0 1872.0 
person 0.886387646198 2649.0 956.0 2676.0 1005.0 
person 0.865961134434 2882.0 947.0 2904.0 1023.0 
person 0.637788057327 2921.0 952.0 2949.0 1014.0 
