person 0.982049882412 2148.0 960.0 2175.0 1027.0 
person 0.980931580067 2787.0 952.0 2829.0 1026.0 
person 0.966736197472 969.0 967.0 1005.0 1069.0 
person 0.962443768978 2038.0 966.0 2058.0 1017.0 
person 0.954977273941 2726.0 950.0 2753.0 1025.0 
person 0.936914026737 2490.0 961.0 2524.0 1039.0 
person 0.928518354893 2649.0 957.0 2676.0 1005.0 
person 0.904073834419 0.0 1466.0 1090.0 1858.0 
person 0.900632679462 2465.0 960.0 2491.0 1025.0 
person 0.899635791779 2882.0 950.0 2906.0 1021.0 
person 0.646372139454 2922.0 953.0 2948.0 1014.0 
