person 0.980310499668 2149.0 960.0 2176.0 1028.0 
person 0.975194334984 970.0 967.0 1005.0 1073.0 
person 0.974810421467 2786.0 951.0 2828.0 1027.0 
person 0.961604833603 2647.0 959.0 2675.0 1006.0 
person 0.961398661137 2725.0 949.0 2754.0 1024.0 
person 0.936881482601 2486.0 960.0 2520.0 1041.0 
person 0.928125083447 0.0 1470.0 1049.0 1863.0 
person 0.914451956749 2884.0 953.0 2907.0 1028.0 
person 0.912298440933 2040.0 966.0 2059.0 1017.0 
person 0.878438413143 2466.0 960.0 2490.0 1026.0 
person 0.70596331358 2922.0 952.0 2947.0 1014.0 
