person 0.987748384476 2150.0 962.0 2176.0 1031.0 
person 0.978011846542 971.0 967.0 1005.0 1073.0 
person 0.95443969965 2042.0 965.0 2064.0 1018.0 
person 0.9507625103 2785.0 952.0 2824.0 1025.0 
person 0.943398416042 2647.0 958.0 2673.0 1005.0 
person 0.938733518124 2725.0 949.0 2752.0 1024.0 
person 0.93023955822 0.0 1463.0 1057.0 1861.0 
person 0.913117945194 2884.0 957.0 2911.0 1027.0 
person 0.909406542778 2480.0 968.0 2516.0 1042.0 
person 0.800057530403 2467.0 962.0 2492.0 1030.0 
person 0.793152630329 2921.0 951.0 2945.0 1014.0 
