person 0.98261064291 2151.0 964.0 2180.0 1031.0 
person 0.964115381241 2044.0 966.0 2066.0 1019.0 
person 0.954586148262 970.0 966.0 1005.0 1072.0 
person 0.94604665041 2466.0 956.0 2498.0 1043.0 
person 0.944562733173 2724.0 948.0 2751.0 1024.0 
person 0.902405083179 2786.0 951.0 2813.0 1024.0 
person 0.886276483536 24.0 1465.0 859.0 1897.0 
person 0.880630910397 2918.0 949.0 2945.0 1014.0 
person 0.86533665657 2645.0 960.0 2663.0 1007.0 
person 0.809371829033 2885.0 954.0 2918.0 1027.0 
person 0.686154961586 2501.0 952.0 2515.0 981.0 
