person 0.97987383604 2154.0 963.0 2180.0 1029.0 
person 0.962638616562 2465.0 956.0 2498.0 1042.0 
person 0.962042450905 2044.0 967.0 2066.0 1019.0 
person 0.946685433388 972.0 966.0 1005.0 1072.0 
person 0.945071101189 2724.0 948.0 2751.0 1024.0 
person 0.917743325233 2785.0 950.0 2808.0 1023.0 
person 0.893531918526 42.0 1472.0 964.0 1886.0 
person 0.875481426716 2919.0 949.0 2945.0 1014.0 
person 0.873917043209 2644.0 958.0 2661.0 1005.0 
person 0.831573963165 2886.0 953.0 2918.0 1027.0 
person 0.71922826767 2501.0 951.0 2515.0 982.0 
