person 0.984843313694 2155.0 962.0 2180.0 1029.0 
person 0.960200369358 2464.0 957.0 2497.0 1041.0 
person 0.9532315135 2044.0 966.0 2066.0 1018.0 
person 0.95188832283 973.0 966.0 1006.0 1071.0 
person 0.940471053123 2724.0 948.0 2750.0 1024.0 
person 0.912709891796 2783.0 950.0 2805.0 1024.0 
person 0.898006558418 2643.0 959.0 2660.0 1005.0 
person 0.895738899708 23.0 1475.0 883.0 1888.0 
person 0.870075881481 2919.0 950.0 2944.0 1014.0 
person 0.857994318008 2885.0 955.0 2919.0 1027.0 
person 0.754219293594 2500.0 951.0 2515.0 982.0 
