person 0.990686118603 2452.0 959.0 2496.0 1044.0 
person 0.987876415253 2155.0 962.0 2181.0 1029.0 
person 0.961657881737 972.0 966.0 1006.0 1072.0 
person 0.913923919201 2722.0 949.0 2748.0 1024.0 
person 0.90602439642 2046.0 967.0 2067.0 1018.0 
person 0.897390186787 2887.0 951.0 2920.0 1029.0 
person 0.888429582119 2780.0 955.0 2803.0 1025.0 
person 0.851228654385 2638.0 958.0 2657.0 1006.0 
person 0.849437475204 2917.0 948.0 2942.0 1014.0 
person 0.790757119656 19.0 1481.0 909.0 1871.0 
person 0.602295875549 2500.0 952.0 2514.0 983.0 
