person 0.984354615211 2440.0 965.0 2485.0 1043.0 
person 0.970432877541 973.0 967.0 1007.0 1073.0 
person 0.962331831455 2162.0 962.0 2183.0 1029.0 
person 0.950777292252 2723.0 946.0 2747.0 1023.0 
person 0.946615695953 2895.0 952.0 2923.0 1027.0 
person 0.931895971298 2629.0 959.0 2655.0 1009.0 
person 0.921171247959 2771.0 954.0 2798.0 1025.0 
person 0.894960045815 2050.0 967.0 2069.0 1018.0 
person 0.769048571587 2918.0 951.0 2940.0 1013.0 
person 0.729332864285 0.0 1473.0 1074.0 1890.0 
person 0.703051745892 2468.0 959.0 2493.0 1038.0 
