person 0.9698818326 976.0 968.0 1008.0 1072.0 
person 0.95308804512 2163.0 961.0 2185.0 1032.0 
person 0.952099323273 2767.0 956.0 2796.0 1024.0 
person 0.950305044651 2723.0 946.0 2747.0 1023.0 
person 0.927003622055 2441.0 967.0 2477.0 1042.0 
person 0.924218773842 2627.0 958.0 2653.0 1007.0 
person 0.917080521584 2897.0 952.0 2929.0 1028.0 
person 0.884322106838 2470.0 962.0 2492.0 1031.0 
person 0.8565787673 2052.0 969.0 2071.0 1019.0 
person 0.797445178032 41.0 1477.0 981.0 1888.0 
person 0.750242471695 2917.0 951.0 2938.0 1014.0 
