person 0.967149972916 2766.0 956.0 2797.0 1024.0 
person 0.967022418976 2163.0 963.0 2188.0 1031.0 
person 0.949378848076 2722.0 947.0 2746.0 1024.0 
person 0.947263002396 2897.0 952.0 2928.0 1028.0 
person 0.940381705761 975.0 968.0 1008.0 1070.0 
person 0.916080832481 2052.0 966.0 2072.0 1019.0 
person 0.913471579552 2470.0 959.0 2493.0 1031.0 
person 0.910219371319 2441.0 970.0 2475.0 1040.0 
person 0.867026388645 2626.0 957.0 2650.0 1006.0 
person 0.819854021072 46.0 1472.0 998.0 1872.0 
person 0.775932073593 2918.0 951.0 2937.0 1015.0 
