person 0.961796462536 2894.0 951.0 2924.0 1028.0 
person 0.954744756222 2469.0 962.0 2499.0 1039.0 
person 0.954056024551 2194.0 965.0 2215.0 1029.0 
person 0.937831282616 2709.0 956.0 2731.0 1026.0 
person 0.892113566399 2581.0 960.0 2606.0 1010.0 
person 0.878005981445 995.0 973.0 1019.0 1070.0 
person 0.852951288223 2869.0 957.0 2894.0 1018.0 
person 0.846057116985 2741.0 956.0 2765.0 1022.0 
person 0.825698912144 2373.0 969.0 2399.0 1039.0 
person 0.7890843153 2078.0 970.0 2098.0 1018.0 
person 0.737200140953 17.0 1517.0 952.0 1893.0 
