person 0.958123862743 2194.0 965.0 2216.0 1030.0 
person 0.947272121906 2470.0 962.0 2499.0 1040.0 
person 0.944937050343 2894.0 952.0 2924.0 1028.0 
person 0.933454155922 2709.0 957.0 2731.0 1026.0 
person 0.903848290443 2371.0 967.0 2399.0 1038.0 
person 0.89884531498 2741.0 956.0 2766.0 1023.0 
person 0.884950876236 995.0 972.0 1019.0 1071.0 
person 0.854444384575 2869.0 958.0 2894.0 1018.0 
person 0.821810364723 2582.0 961.0 2606.0 1007.0 
person 0.74410378933 20.0 1507.0 938.0 1887.0 
person 0.713618457317 2080.0 971.0 2098.0 1018.0 
