person 0.987023591995 3597.0 952.0 3644.0 1080.0 
person 0.973972141743 1493.0 958.0 1522.0 1048.0 
person 0.968742072582 2583.0 950.0 2611.0 1014.0 
person 0.958027303219 907.0 957.0 937.0 1096.0 
person 0.956815838814 1938.0 952.0 1959.0 1006.0 
person 0.928706586361 1766.0 957.0 1788.0 1002.0 
person 0.917071402073 1113.0 952.0 1129.0 1001.0 
person 0.903580784798 1250.0 952.0 1266.0 994.0 
person 0.874306857586 731.0 951.0 757.0 1039.0 
person 0.860938072205 711.0 956.0 738.0 1040.0 
person 0.791832208633 462.0 946.0 477.0 997.0 
person 0.349605113268 740.0 954.0 761.0 1039.0 
