person 0.984791755676 3594.0 954.0 3644.0 1080.0 
person 0.977606773376 1493.0 958.0 1522.0 1048.0 
person 0.964141905308 2582.0 950.0 2610.0 1014.0 
person 0.963610708714 907.0 957.0 938.0 1096.0 
person 0.947907209396 1938.0 953.0 1958.0 1007.0 
person 0.924599587917 1766.0 958.0 1788.0 1003.0 
person 0.905426859856 1250.0 952.0 1266.0 994.0 
person 0.90476924181 710.0 955.0 740.0 1040.0 
person 0.877125561237 1114.0 953.0 1129.0 1001.0 
person 0.851161897182 728.0 952.0 757.0 1039.0 
person 0.763867616653 463.0 946.0 477.0 997.0 
person 0.611467182636 906.0 986.0 930.0 1098.0 
