person 0.985154807568 3557.0 951.0 3603.0 1068.0 
person 0.981860876083 782.0 960.0 814.0 1032.0 
person 0.974196374416 2582.0 950.0 2608.0 1014.0 
person 0.967932939529 1695.0 953.0 1719.0 1006.0 
person 0.965304732323 1438.0 956.0 1463.0 1030.0 
person 0.964325547218 1927.0 952.0 1949.0 1009.0 
person 0.960922539234 942.0 960.0 993.0 1079.0 
person 0.952135503292 708.0 951.0 742.0 1044.0 
person 0.944108426571 1297.0 952.0 1314.0 995.0 
person 0.896020174026 1162.0 963.0 1191.0 996.0 
person 0.768837988377 464.0 950.0 476.0 998.0 
