person 0.984051167965 945.0 959.0 999.0 1079.0 
person 0.983167469501 3557.0 950.0 3601.0 1069.0 
person 0.979871928692 783.0 962.0 814.0 1033.0 
person 0.974667668343 2583.0 950.0 2608.0 1015.0 
person 0.971052825451 1926.0 952.0 1949.0 1010.0 
person 0.963465809822 708.0 951.0 742.0 1044.0 
person 0.96277064085 1695.0 952.0 1717.0 1006.0 
person 0.934690594673 1438.0 958.0 1461.0 1030.0 
person 0.930792570114 1298.0 953.0 1315.0 996.0 
person 0.912531793118 1164.0 962.0 1195.0 997.0 
person 0.794287919998 463.0 948.0 477.0 997.0 
