person 0.99205750227 956.0 955.0 1007.0 1077.0 
person 0.982505559921 3557.0 950.0 3600.0 1067.0 
person 0.97502976656 2584.0 950.0 2609.0 1015.0 
person 0.972269594669 784.0 961.0 816.0 1034.0 
person 0.969403922558 1926.0 952.0 1949.0 1009.0 
person 0.959491431713 708.0 952.0 743.0 1043.0 
person 0.958540081978 1694.0 957.0 1712.0 1005.0 
person 0.940842807293 1434.0 957.0 1456.0 1028.0 
person 0.925220727921 1299.0 951.0 1316.0 996.0 
person 0.81998103857 463.0 948.0 478.0 997.0 
person 0.741776943207 1167.0 962.0 1197.0 997.0 
