person 0.983199298382 1493.0 957.0 1522.0 1046.0 
person 0.974005758762 3585.0 959.0 3647.0 1079.0 
person 0.95939540863 2582.0 950.0 2607.0 1015.0 
person 0.952837049961 907.0 957.0 938.0 1095.0 
person 0.951080083847 1938.0 953.0 1960.0 1008.0 
person 0.938225865364 711.0 954.0 747.0 1041.0 
person 0.924865543842 1113.0 953.0 1130.0 1000.0 
person 0.896844983101 1765.0 959.0 1786.0 1001.0 
person 0.89151006937 1250.0 952.0 1267.0 994.0 
person 0.812301158905 463.0 946.0 477.0 997.0 
person 0.75737041235 907.0 990.0 931.0 1097.0 
person 0.750044703484 740.0 955.0 762.0 1037.0 
person 0.5087454319 730.0 959.0 758.0 1039.0 
person 0.434604257345 907.0 959.0 935.0 1050.0 
person 0.33897575736 1255.0 950.0 1271.0 993.0 
