person 0.996163368225 960.0 953.0 1013.0 1076.0 
person 0.990565657616 784.0 960.0 827.0 1034.0 
person 0.981503486633 2585.0 947.0 2612.0 1015.0 
person 0.973211050034 1925.0 952.0 1947.0 1009.0 
person 0.952952444553 1692.0 956.0 1709.0 1004.0 
person 0.945589482784 1429.0 957.0 1452.0 1032.0 
person 0.937590360641 3559.0 953.0 3594.0 1065.0 
person 0.92453199625 711.0 954.0 743.0 1040.0 
person 0.920716941357 1304.0 950.0 1320.0 993.0 
person 0.890859723091 1185.0 960.0 1207.0 997.0 
person 0.840794146061 463.0 947.0 478.0 997.0 
