person 0.996483445168 964.0 952.0 1014.0 1073.0 
person 0.985392510891 2586.0 947.0 2613.0 1015.0 
person 0.984270393848 788.0 960.0 834.0 1033.0 
person 0.972208440304 1688.0 956.0 1706.0 1004.0 
person 0.971362173557 1924.0 952.0 1946.0 1009.0 
person 0.93827098608 1188.0 960.0 1214.0 998.0 
person 0.934147298336 1423.0 961.0 1446.0 1026.0 
person 0.927198529243 710.0 954.0 746.0 1041.0 
person 0.896139740944 1306.0 951.0 1322.0 995.0 
person 0.848676502705 463.0 948.0 478.0 997.0 
person 0.816239953041 3557.0 984.0 3592.0 1065.0 
