person 0.996325433254 966.0 953.0 1017.0 1069.0 
person 0.991610705853 790.0 959.0 835.0 1033.0 
person 0.985569775105 2587.0 947.0 2613.0 1016.0 
person 0.970681846142 1924.0 952.0 1946.0 1009.0 
person 0.947199046612 1689.0 959.0 1706.0 1005.0 
person 0.943051457405 1189.0 959.0 1216.0 998.0 
person 0.93530112505 708.0 955.0 746.0 1041.0 
person 0.934738755226 1422.0 958.0 1445.0 1026.0 
person 0.915799677372 1306.0 950.0 1322.0 995.0 
person 0.842240214348 3557.0 980.0 3590.0 1064.0 
person 0.834792613983 464.0 948.0 478.0 997.0 
person 0.418286412954 1198.0 960.0 1218.0 994.0 
person 0.363180428743 468.0 949.0 481.0 998.0 
