person 0.984749138355 802.0 960.0 837.0 1032.0 
person 0.98347312212 2588.0 948.0 2613.0 1016.0 
person 0.964077711105 711.0 951.0 752.0 1040.0 
person 0.952180325985 1922.0 953.0 1944.0 1009.0 
person 0.944591283798 1684.0 961.0 1703.0 1005.0 
person 0.941224813461 1417.0 966.0 1438.0 1026.0 
person 0.934267044067 984.0 961.0 1015.0 1059.0 
person 0.924526274204 1308.0 950.0 1325.0 994.0 
person 0.854588389397 463.0 947.0 478.0 996.0 
person 0.846145510674 1201.0 961.0 1229.0 993.0 
person 0.823094248772 3564.0 952.0 3597.0 1059.0 
person 0.444765150547 3556.0 970.0 3592.0 1065.0 
person 0.343217045069 1211.0 956.0 1232.0 992.0 
person 0.304477453232 468.0 947.0 480.0 994.0 
