person 0.983271300793 2588.0 948.0 2613.0 1015.0 
person 0.982355296612 805.0 959.0 837.0 1032.0 
person 0.97544914484 985.0 960.0 1016.0 1065.0 
person 0.970782220364 1413.0 962.0 1436.0 1026.0 
person 0.964920759201 1683.0 959.0 1703.0 1004.0 
person 0.949637770653 3561.0 953.0 3601.0 1062.0 
person 0.943753302097 1920.0 952.0 1944.0 1010.0 
person 0.940365731716 1213.0 957.0 1233.0 993.0 
person 0.939075648785 720.0 951.0 753.0 1039.0 
person 0.933663904667 1310.0 948.0 1327.0 993.0 
person 0.870174825191 463.0 947.0 478.0 996.0 
person 0.559915542603 1219.0 956.0 1237.0 995.0 
person 0.548488199711 1314.0 950.0 1331.0 992.0 
person 0.414789438248 468.0 948.0 481.0 996.0 
