person 0.982826411724 2588.0 947.0 2612.0 1015.0 
person 0.977219879627 808.0 960.0 839.0 1032.0 
person 0.973430991173 986.0 961.0 1017.0 1066.0 
person 0.963583469391 1683.0 959.0 1703.0 1005.0 
person 0.951580047607 1921.0 952.0 1944.0 1010.0 
person 0.945948064327 720.0 951.0 754.0 1040.0 
person 0.934565424919 1412.0 966.0 1434.0 1025.0 
person 0.929700255394 1310.0 948.0 1327.0 992.0 
person 0.922806143761 3561.0 953.0 3603.0 1065.0 
person 0.904622495174 1216.0 959.0 1235.0 994.0 
person 0.870252907276 463.0 947.0 478.0 996.0 
person 0.414985448122 468.0 948.0 481.0 996.0 
