person 0.982837200165 2588.0 947.0 2613.0 1015.0 
person 0.975434184074 987.0 959.0 1020.0 1065.0 
person 0.972400665283 812.0 957.0 838.0 1032.0 
person 0.969448208809 1683.0 960.0 1702.0 1005.0 
person 0.959619641304 1921.0 952.0 1944.0 1009.0 
person 0.949523150921 725.0 949.0 753.0 1038.0 
person 0.93605619669 1310.0 947.0 1327.0 993.0 
person 0.924813807011 3562.0 952.0 3606.0 1064.0 
person 0.921193599701 1412.0 964.0 1434.0 1025.0 
person 0.917671918869 1219.0 957.0 1240.0 994.0 
person 0.870173037052 463.0 947.0 478.0 996.0 
person 0.414788454771 468.0 948.0 481.0 996.0 
