person 0.982337713242 2588.0 947.0 2612.0 1015.0 
person 0.969805717468 818.0 957.0 839.0 1032.0 
person 0.966999530792 1682.0 960.0 1701.0 1004.0 
person 0.964562356472 989.0 961.0 1022.0 1063.0 
person 0.959339976311 1921.0 952.0 1944.0 1009.0 
person 0.953075587749 1311.0 948.0 1328.0 993.0 
person 0.945801436901 727.0 950.0 754.0 1039.0 
person 0.918418347836 3563.0 951.0 3609.0 1064.0 
person 0.910586297512 1224.0 957.0 1242.0 995.0 
person 0.901257574558 1410.0 964.0 1433.0 1025.0 
person 0.878498911858 463.0 947.0 478.0 996.0 
person 0.593074262142 1315.0 947.0 1331.0 994.0 
person 0.351114183664 468.0 948.0 480.0 994.0 
