person 0.982125520706 2588.0 948.0 2613.0 1016.0 
person 0.965815842152 823.0 954.0 844.0 1030.0 
person 0.964344143867 729.0 948.0 758.0 1039.0 
person 0.962860226631 1682.0 959.0 1699.0 1004.0 
person 0.960651516914 1921.0 952.0 1943.0 1007.0 
person 0.958222687244 3565.0 953.0 3611.0 1061.0 
person 0.951633870602 1313.0 949.0 1330.0 996.0 
person 0.895751714706 463.0 947.0 478.0 996.0 
person 0.893591761589 1407.0 965.0 1432.0 1023.0 
person 0.893363952637 993.0 967.0 1024.0 1063.0 
person 0.884190678596 1232.0 956.0 1249.0 993.0 
person 0.367052614689 467.0 948.0 480.0 994.0 
