person 0.982178390026 2588.0 948.0 2613.0 1016.0 
person 0.967330157757 3564.0 952.0 3611.0 1062.0 
person 0.966195642948 823.0 954.0 844.0 1030.0 
person 0.964583337307 729.0 948.0 758.0 1039.0 
person 0.961947262287 1682.0 959.0 1700.0 1004.0 
person 0.96105158329 1921.0 952.0 1943.0 1007.0 
person 0.95213085413 1313.0 949.0 1330.0 996.0 
person 0.903680145741 993.0 971.0 1024.0 1064.0 
person 0.895004332066 1408.0 965.0 1432.0 1023.0 
person 0.890603601933 463.0 947.0 478.0 996.0 
person 0.88599729538 1232.0 956.0 1249.0 993.0 
person 0.363275945187 468.0 948.0 480.0 994.0 
