person 0.983017683029 2587.0 948.0 2613.0 1018.0 
person 0.962326645851 730.0 949.0 759.0 1037.0 
person 0.959821999073 1921.0 951.0 1943.0 1006.0 
person 0.957364201546 1680.0 960.0 1698.0 1004.0 
person 0.952087640762 3565.0 951.0 3608.0 1061.0 
person 0.950273215771 1313.0 951.0 1331.0 996.0 
person 0.931639015675 825.0 954.0 843.0 1028.0 
person 0.912568330765 995.0 967.0 1027.0 1062.0 
person 0.892756104469 463.0 947.0 478.0 997.0 
person 0.884256124496 1407.0 965.0 1431.0 1023.0 
person 0.873835921288 1232.0 961.0 1251.0 995.0 
person 0.349737673998 468.0 948.0 480.0 994.0 
