person 0.983275234699 2587.0 948.0 2612.0 1019.0 
person 0.97279638052 731.0 948.0 763.0 1039.0 
person 0.961084723473 1680.0 960.0 1697.0 1005.0 
person 0.960907816887 825.0 951.0 846.0 1028.0 
person 0.957123875618 1921.0 951.0 1943.0 1007.0 
person 0.95219117403 1313.0 951.0 1332.0 996.0 
person 0.943364262581 1233.0 959.0 1255.0 995.0 
person 0.937663555145 998.0 962.0 1028.0 1062.0 
person 0.913852572441 3566.0 950.0 3608.0 1061.0 
person 0.891268849373 463.0 947.0 478.0 997.0 
person 0.798248171806 1408.0 967.0 1431.0 1024.0 
person 0.372018456459 467.0 949.0 480.0 994.0 
