person 0.98245549202 2587.0 948.0 2612.0 1019.0 
person 0.974267840385 731.0 947.0 764.0 1040.0 
person 0.971813678741 3567.0 950.0 3603.0 1061.0 
person 0.969987392426 996.0 963.0 1030.0 1064.0 
person 0.964115858078 826.0 950.0 847.0 1029.0 
person 0.958653330803 1679.0 960.0 1696.0 1004.0 
person 0.950676321983 1922.0 951.0 1943.0 1007.0 
person 0.922528922558 1313.0 952.0 1333.0 997.0 
person 0.913533866405 1235.0 958.0 1260.0 994.0 
person 0.905712425709 462.0 947.0 478.0 997.0 
person 0.896446943283 1403.0 967.0 1429.0 1021.0 
person 0.366907566786 467.0 948.0 481.0 994.0 
