person 0.982501685619 2587.0 948.0 2612.0 1019.0 
person 0.973477780819 731.0 947.0 764.0 1039.0 
person 0.973319113255 827.0 951.0 848.0 1029.0 
person 0.962135255337 3567.0 950.0 3605.0 1062.0 
person 0.960712790489 1679.0 961.0 1696.0 1004.0 
person 0.950464308262 1921.0 951.0 1943.0 1007.0 
person 0.945448040962 999.0 957.0 1032.0 1063.0 
person 0.909069120884 462.0 947.0 479.0 997.0 
person 0.907520115376 1315.0 951.0 1334.0 998.0 
person 0.877328932285 1237.0 959.0 1264.0 994.0 
person 0.849042534828 1403.0 970.0 1428.0 1021.0 
person 0.374067902565 467.0 948.0 481.0 994.0 
person 0.317955434322 1311.0 954.0 1328.0 997.0 
