person 0.982168853283 993.0 960.0 1035.0 1064.0 
person 0.98153012991 2587.0 948.0 2612.0 1019.0 
person 0.975947916508 828.0 953.0 850.0 1029.0 
person 0.968151390553 3567.0 950.0 3605.0 1061.0 
person 0.954021811485 731.0 949.0 765.0 1039.0 
person 0.951899647713 1922.0 951.0 1943.0 1007.0 
person 0.938575744629 1678.0 961.0 1695.0 1004.0 
person 0.902101814747 463.0 946.0 478.0 996.0 
person 0.8942450881 1315.0 952.0 1334.0 997.0 
person 0.870960950851 1240.0 959.0 1269.0 994.0 
person 0.869371652603 1403.0 970.0 1427.0 1020.0 
person 0.587950944901 1681.0 960.0 1700.0 1001.0 
person 0.559994995594 1410.0 968.0 1431.0 1018.0 
person 0.41398948431 1955.0 895.0 1980.0 970.0 
person 0.411240309477 1312.0 954.0 1327.0 997.0 
person 0.337158381939 468.0 948.0 481.0 994.0 
