person 0.989116609097 3587.0 956.0 3643.0 1080.0 
person 0.985735833645 1494.0 957.0 1522.0 1046.0 
person 0.959654450417 2581.0 950.0 2607.0 1015.0 
person 0.951055705547 1938.0 953.0 1961.0 1008.0 
person 0.91915756464 712.0 954.0 745.0 1041.0 
person 0.914735674858 1113.0 954.0 1130.0 1001.0 
person 0.912880957127 907.0 958.0 939.0 1092.0 
person 0.89451700449 1763.0 958.0 1786.0 1002.0 
person 0.876787185669 740.0 956.0 762.0 1038.0 
person 0.875476181507 906.0 999.0 930.0 1097.0 
person 0.87483727932 1250.0 951.0 1267.0 994.0 
person 0.855813682079 462.0 946.0 477.0 996.0 
person 0.329599738121 1255.0 950.0 1271.0 994.0 
