person 0.981202721596 2587.0 949.0 2612.0 1019.0 
person 0.972173810005 829.0 954.0 852.0 1029.0 
person 0.95606303215 994.0 962.0 1036.0 1064.0 
person 0.954816699028 1922.0 952.0 1943.0 1007.0 
person 0.950868427753 3567.0 950.0 3605.0 1062.0 
person 0.950385510921 731.0 951.0 766.0 1037.0 
person 0.93881291151 1678.0 961.0 1694.0 1004.0 
person 0.921469330788 462.0 946.0 478.0 997.0 
person 0.916193604469 1315.0 953.0 1335.0 997.0 
person 0.89124828577 1402.0 970.0 1427.0 1020.0 
person 0.879119753838 1243.0 958.0 1273.0 995.0 
person 0.530730307102 1682.0 960.0 1700.0 1001.0 
person 0.442907959223 1955.0 894.0 1980.0 970.0 
person 0.313997596502 468.0 949.0 481.0 994.0 
