person 0.981832146645 832.0 956.0 861.0 1030.0 
person 0.981583416462 2587.0 949.0 2612.0 1020.0 
person 0.977948665619 999.0 959.0 1043.0 1060.0 
person 0.970399200916 732.0 953.0 771.0 1036.0 
person 0.963519752026 3566.0 951.0 3602.0 1060.0 
person 0.959373116493 1921.0 952.0 1942.0 1007.0 
person 0.947296917439 1675.0 961.0 1695.0 1004.0 
person 0.939678132534 1317.0 954.0 1337.0 999.0 
person 0.925175189972 462.0 946.0 479.0 997.0 
person 0.917568862438 1401.0 964.0 1425.0 1021.0 
person 0.825611770153 1257.0 957.0 1277.0 993.0 
person 0.5093729496 1407.0 964.0 1429.0 1017.0 
person 0.460717022419 1681.0 960.0 1702.0 1002.0 
person 0.314911514521 468.0 948.0 481.0 994.0 
