person 0.988269805908 1003.0 960.0 1050.0 1060.0 
person 0.983478665352 2587.0 949.0 2613.0 1020.0 
person 0.975903630257 834.0 957.0 862.0 1030.0 
person 0.966690123081 731.0 955.0 775.0 1036.0 
person 0.961741864681 3565.0 951.0 3602.0 1063.0 
person 0.955896914005 1922.0 952.0 1942.0 1007.0 
person 0.944618999958 1674.0 961.0 1694.0 1004.0 
person 0.922126114368 1319.0 954.0 1339.0 996.0 
person 0.913608014584 1403.0 966.0 1423.0 1020.0 
person 0.908253729343 462.0 946.0 478.0 996.0 
person 0.804657459259 1262.0 960.0 1280.0 994.0 
person 0.314439982176 468.0 948.0 481.0 994.0 
