person 0.99128049612 733.0 954.0 778.0 1036.0 
person 0.989529311657 1007.0 959.0 1049.0 1061.0 
person 0.982887983322 2587.0 949.0 2612.0 1020.0 
person 0.972161233425 833.0 958.0 860.0 1030.0 
person 0.969574809074 3564.0 949.0 3600.0 1063.0 
person 0.957361280918 1921.0 952.0 1942.0 1007.0 
person 0.949950993061 1673.0 961.0 1693.0 1004.0 
person 0.931921362877 1320.0 954.0 1341.0 995.0 
person 0.916878819466 1401.0 963.0 1422.0 1021.0 
person 0.902716934681 462.0 946.0 478.0 996.0 
person 0.878617823124 1267.0 957.0 1285.0 994.0 
person 0.326897114515 467.0 948.0 480.0 994.0 
person 0.308398991823 1317.0 958.0 1334.0 997.0 
