person 0.989467203617 733.0 956.0 777.0 1035.0 
person 0.982496023178 2587.0 949.0 2612.0 1021.0 
person 0.982050776482 1012.0 958.0 1050.0 1061.0 
person 0.979506254196 3564.0 949.0 3600.0 1062.0 
person 0.975601136684 834.0 958.0 860.0 1030.0 
person 0.95803630352 1673.0 961.0 1692.0 1005.0 
person 0.955922484398 1921.0 951.0 1942.0 1007.0 
person 0.937303721905 1320.0 956.0 1343.0 997.0 
person 0.913877606392 1401.0 960.0 1421.0 1020.0 
person 0.874534249306 463.0 948.0 477.0 998.0 
person 0.823293685913 1273.0 956.0 1288.0 996.0 
person 0.644750773907 1269.0 958.0 1284.0 995.0 
person 0.327985167503 467.0 948.0 480.0 994.0 
