person 0.991560041904 732.0 954.0 779.0 1036.0 
person 0.985930383205 1016.0 956.0 1052.0 1059.0 
person 0.982221543789 3564.0 950.0 3599.0 1063.0 
person 0.982178270817 2587.0 949.0 2612.0 1020.0 
person 0.973808348179 835.0 958.0 860.0 1030.0 
person 0.957631409168 1921.0 951.0 1943.0 1007.0 
person 0.950618863106 1673.0 961.0 1693.0 1005.0 
person 0.943234920502 1321.0 956.0 1344.0 997.0 
person 0.921081602573 1400.0 960.0 1421.0 1020.0 
person 0.869020402431 463.0 948.0 477.0 997.0 
person 0.816463112831 1277.0 954.0 1292.0 995.0 
