person 0.991455495358 733.0 953.0 780.0 1037.0 
person 0.990994155407 1018.0 954.0 1053.0 1058.0 
person 0.985093712807 3564.0 950.0 3599.0 1062.0 
person 0.981065571308 2587.0 948.0 2613.0 1020.0 
person 0.973980665207 835.0 958.0 860.0 1031.0 
person 0.95596653223 1921.0 951.0 1943.0 1007.0 
person 0.948265910149 1320.0 956.0 1344.0 996.0 
person 0.943803310394 1673.0 959.0 1693.0 1004.0 
person 0.941563248634 1399.0 959.0 1421.0 1019.0 
person 0.861231207848 463.0 948.0 477.0 998.0 
person 0.852463364601 1278.0 959.0 1296.0 997.0 
