person 0.993961393833 1022.0 951.0 1057.0 1055.0 
person 0.983638882637 2586.0 948.0 2613.0 1020.0 
person 0.983375966549 737.0 954.0 782.0 1036.0 
person 0.983086824417 3562.0 950.0 3597.0 1059.0 
person 0.969766795635 836.0 958.0 860.0 1031.0 
person 0.960551083088 1397.0 961.0 1422.0 1020.0 
person 0.953546404839 1921.0 952.0 1943.0 1007.0 
person 0.940583944321 1672.0 958.0 1695.0 1004.0 
person 0.906254529953 1324.0 958.0 1345.0 995.0 
person 0.903926193714 462.0 946.0 478.0 996.0 
person 0.878578901291 1286.0 958.0 1309.0 995.0 
