person 0.984794557095 1494.0 957.0 1522.0 1045.0 
person 0.977048158646 3586.0 956.0 3644.0 1079.0 
person 0.957570075989 2582.0 950.0 2607.0 1015.0 
person 0.950122714043 1939.0 953.0 1961.0 1008.0 
person 0.934801101685 1763.0 955.0 1786.0 1003.0 
person 0.924401164055 906.0 1007.0 930.0 1097.0 
person 0.92231875658 713.0 954.0 743.0 1040.0 
person 0.914181470871 1113.0 953.0 1131.0 1001.0 
person 0.908242762089 741.0 958.0 764.0 1036.0 
person 0.859600365162 462.0 946.0 477.0 996.0 
person 0.849836111069 1250.0 952.0 1267.0 994.0 
person 0.848845005035 907.0 961.0 939.0 1066.0 
person 0.757658183575 1254.0 951.0 1270.0 994.0 
