person 0.992688298225 3558.0 950.0 3595.0 1061.0 
person 0.983884394169 2586.0 948.0 2613.0 1021.0 
person 0.97921705246 1026.0 955.0 1060.0 1051.0 
person 0.97092539072 835.0 959.0 860.0 1031.0 
person 0.969157338142 741.0 955.0 784.0 1033.0 
person 0.945494651794 1673.0 957.0 1693.0 1003.0 
person 0.942434668541 1395.0 962.0 1422.0 1019.0 
person 0.941876888275 1921.0 952.0 1942.0 1007.0 
person 0.900969862938 461.0 946.0 479.0 997.0 
person 0.842125356197 1330.0 962.0 1350.0 997.0 
person 0.807224094868 1296.0 959.0 1316.0 995.0 
