person 0.994609713554 3557.0 949.0 3595.0 1062.0 
person 0.982118368149 2587.0 948.0 2613.0 1021.0 
person 0.979487001896 1026.0 954.0 1061.0 1051.0 
person 0.967035114765 836.0 958.0 861.0 1031.0 
person 0.957775652409 745.0 955.0 785.0 1033.0 
person 0.94508677721 1673.0 957.0 1693.0 1003.0 
person 0.942020952702 1395.0 965.0 1422.0 1019.0 
person 0.937968611717 1921.0 952.0 1942.0 1007.0 
person 0.90038895607 461.0 946.0 478.0 996.0 
person 0.811937272549 1331.0 962.0 1351.0 997.0 
person 0.73909163475 1296.0 960.0 1315.0 994.0 
person 0.368743211031 1301.0 963.0 1321.0 998.0 
