person 0.994538009167 3557.0 949.0 3595.0 1062.0 
person 0.981716573238 2587.0 948.0 2613.0 1021.0 
person 0.978342175484 1027.0 955.0 1061.0 1051.0 
person 0.964723348618 836.0 959.0 861.0 1031.0 
person 0.959006905556 745.0 955.0 785.0 1033.0 
person 0.943070054054 1673.0 957.0 1692.0 1003.0 
person 0.930596292019 1395.0 966.0 1422.0 1019.0 
person 0.926709532738 1921.0 953.0 1942.0 1007.0 
person 0.89824205637 461.0 946.0 478.0 997.0 
person 0.802097380161 1332.0 961.0 1351.0 995.0 
person 0.724927306175 1296.0 961.0 1314.0 994.0 
person 0.359182626009 1302.0 964.0 1321.0 998.0 
