person 0.993984401226 3557.0 949.0 3595.0 1061.0 
person 0.9819008708 2587.0 948.0 2613.0 1021.0 
person 0.962369143963 835.0 958.0 861.0 1031.0 
person 0.950287818909 1030.0 957.0 1061.0 1045.0 
person 0.944010257721 749.0 955.0 785.0 1033.0 
person 0.942133426666 1395.0 965.0 1423.0 1019.0 
person 0.937801778316 1673.0 957.0 1693.0 1003.0 
person 0.933606445789 1921.0 952.0 1943.0 1007.0 
person 0.900143682957 461.0 946.0 478.0 996.0 
person 0.855629861355 1331.0 960.0 1350.0 995.0 
person 0.774201273918 1299.0 959.0 1315.0 995.0 
person 0.706874728203 1303.0 961.0 1319.0 998.0 
person 0.536435067654 1027.0 1026.0 1052.0 1055.0 
person 0.359939098358 765.0 952.0 792.0 1033.0 
