person 0.991098225117 3554.0 949.0 3595.0 1061.0 
person 0.980145633221 2587.0 948.0 2612.0 1020.0 
person 0.97012346983 1032.0 957.0 1062.0 1051.0 
person 0.960984647274 832.0 959.0 860.0 1031.0 
person 0.953882753849 753.0 954.0 786.0 1034.0 
person 0.941857457161 1673.0 958.0 1693.0 1003.0 
person 0.938546001911 1921.0 952.0 1943.0 1008.0 
person 0.928899288177 1396.0 966.0 1422.0 1019.0 
person 0.895534336567 461.0 946.0 478.0 996.0 
person 0.84198898077 1304.0 963.0 1322.0 1000.0 
person 0.810401976109 1334.0 961.0 1350.0 994.0 
person 0.653305649757 1300.0 960.0 1317.0 997.0 
person 0.41614446044 1338.0 963.0 1355.0 996.0 
person 0.39479970932 766.0 951.0 792.0 1035.0 
