person 0.989782869816 3552.0 952.0 3595.0 1062.0 
person 0.980880439281 2586.0 948.0 2612.0 1020.0 
person 0.96876001358 1034.0 956.0 1063.0 1051.0 
person 0.956608593464 832.0 958.0 859.0 1031.0 
person 0.949987351894 758.0 955.0 787.0 1033.0 
person 0.932943165302 1673.0 958.0 1693.0 1003.0 
person 0.929511010647 1921.0 952.0 1943.0 1008.0 
person 0.916443288326 1399.0 967.0 1423.0 1018.0 
person 0.900290191174 1304.0 962.0 1323.0 999.0 
person 0.898312151432 461.0 946.0 478.0 996.0 
person 0.849021315575 1334.0 962.0 1352.0 997.0 
