person 0.990793168545 3550.0 952.0 3595.0 1062.0 
person 0.981369495392 2586.0 948.0 2612.0 1019.0 
person 0.965757489204 758.0 953.0 788.0 1034.0 
person 0.961587429047 833.0 959.0 859.0 1030.0 
person 0.948961734772 1035.0 958.0 1062.0 1049.0 
person 0.935287356377 1673.0 959.0 1694.0 1003.0 
person 0.932584106922 1921.0 952.0 1943.0 1008.0 
person 0.912161946297 1400.0 966.0 1423.0 1018.0 
person 0.905041694641 1304.0 961.0 1324.0 998.0 
person 0.895654320717 461.0 946.0 478.0 996.0 
person 0.773775994778 1336.0 961.0 1352.0 996.0 
