person 0.983244895935 3548.0 952.0 3594.0 1063.0 
person 0.979834973812 2585.0 949.0 2612.0 1020.0 
person 0.977403759956 832.0 957.0 857.0 1033.0 
person 0.955273270607 770.0 953.0 794.0 1033.0 
person 0.938744723797 1673.0 960.0 1695.0 1004.0 
person 0.938662469387 1038.0 953.0 1067.0 1053.0 
person 0.936112821102 1922.0 952.0 1945.0 1008.0 
person 0.915461719036 1399.0 963.0 1425.0 1016.0 
person 0.893424451351 461.0 946.0 478.0 996.0 
person 0.879743278027 1311.0 956.0 1330.0 995.0 
person 0.752411723137 1339.0 960.0 1359.0 997.0 
