person 0.986325562 3548.0 953.0 3592.0 1063.0 
person 0.976666629314 2583.0 950.0 2611.0 1019.0 
person 0.973546385765 1398.0 959.0 1428.0 1016.0 
person 0.970170557499 771.0 953.0 796.0 1034.0 
person 0.969683945179 833.0 955.0 855.0 1033.0 
person 0.950164198875 1674.0 959.0 1694.0 1004.0 
person 0.940615952015 1039.0 953.0 1068.0 1055.0 
person 0.930478394032 1922.0 954.0 1944.0 1008.0 
person 0.848446726799 462.0 948.0 477.0 998.0 
person 0.814260601997 1313.0 959.0 1334.0 997.0 
person 0.741931974888 1339.0 961.0 1361.0 995.0 
