person 0.983964562416 3549.0 953.0 3592.0 1061.0 
person 0.976787924767 2582.0 950.0 2611.0 1019.0 
person 0.973232269287 833.0 953.0 854.0 1033.0 
person 0.966523230076 1400.0 963.0 1433.0 1015.0 
person 0.955764353275 1674.0 959.0 1694.0 1005.0 
person 0.950446546078 770.0 954.0 796.0 1035.0 
person 0.940979123116 1923.0 953.0 1945.0 1008.0 
person 0.914832293987 1040.0 952.0 1070.0 1053.0 
person 0.853029608727 462.0 949.0 477.0 998.0 
person 0.776420474052 1340.0 961.0 1363.0 998.0 
person 0.769623696804 1313.0 959.0 1336.0 997.0 
