person 0.981163680553 1494.0 956.0 1522.0 1049.0 
person 0.97524535656 3585.0 954.0 3643.0 1079.0 
person 0.955572724342 2582.0 950.0 2607.0 1015.0 
person 0.945691525936 1939.0 953.0 1961.0 1007.0 
person 0.915713846684 906.0 1006.0 930.0 1097.0 
person 0.913540363312 741.0 955.0 766.0 1036.0 
person 0.911113679409 1113.0 953.0 1131.0 1001.0 
person 0.897595226765 1761.0 955.0 1783.0 1003.0 
person 0.85720717907 461.0 946.0 477.0 996.0 
person 0.857020914555 908.0 960.0 940.0 1070.0 
person 0.853825867176 1253.0 950.0 1269.0 993.0 
person 0.838671445847 716.0 953.0 746.0 1038.0 
