person 0.984611093998 3546.0 953.0 3591.0 1062.0 
person 0.981398165226 2579.0 951.0 2611.0 1019.0 
person 0.966789484024 1042.0 957.0 1077.0 1050.0 
person 0.959575712681 830.0 951.0 853.0 1032.0 
person 0.954558551311 1399.0 969.0 1438.0 1017.0 
person 0.953617751598 1675.0 959.0 1696.0 1005.0 
person 0.952335596085 1925.0 953.0 1946.0 1008.0 
person 0.889057338238 774.0 957.0 804.0 1034.0 
person 0.86011916399 1320.0 960.0 1342.0 999.0 
person 0.833876729012 462.0 948.0 479.0 996.0 
person 0.758836388588 1343.0 961.0 1364.0 1000.0 
person 0.513711094856 1954.0 898.0 1982.0 970.0 
person 0.422736942768 1316.0 960.0 1335.0 995.0 
person 0.378793179989 1351.0 965.0 1367.0 1003.0 
