person 0.984351813793 3546.0 952.0 3590.0 1063.0 
person 0.984134614468 1400.0 970.0 1442.0 1016.0 
person 0.98082202673 2579.0 951.0 2612.0 1018.0 
person 0.977724015713 1044.0 956.0 1082.0 1050.0 
person 0.959078729153 829.0 951.0 852.0 1031.0 
person 0.95180696249 1675.0 960.0 1697.0 1005.0 
person 0.951657533646 1925.0 953.0 1946.0 1008.0 
person 0.854448616505 774.0 958.0 805.0 1034.0 
person 0.837737500668 1321.0 961.0 1341.0 999.0 
person 0.829240441322 462.0 948.0 479.0 996.0 
person 0.760702371597 1344.0 960.0 1364.0 1000.0 
person 0.49694827199 1317.0 960.0 1335.0 995.0 
person 0.49664080143 1351.0 964.0 1367.0 1002.0 
