person 0.985341489315 3547.0 954.0 3589.0 1062.0 
person 0.980853319168 2578.0 952.0 2612.0 1018.0 
person 0.980315744877 1045.0 957.0 1082.0 1049.0 
person 0.975306808949 1401.0 969.0 1443.0 1016.0 
person 0.958522796631 1675.0 960.0 1697.0 1005.0 
person 0.949541628361 829.0 952.0 853.0 1032.0 
person 0.945787549019 1926.0 953.0 1946.0 1008.0 
person 0.829269468784 462.0 948.0 479.0 996.0 
person 0.829098582268 1322.0 962.0 1341.0 999.0 
person 0.770387232304 776.0 958.0 806.0 1034.0 
person 0.751994431019 1343.0 961.0 1365.0 1001.0 
person 0.543804585934 1350.0 965.0 1367.0 1002.0 
