person 0.990767300129 1047.0 961.0 1084.0 1049.0 
person 0.981222093105 3548.0 954.0 3586.0 1062.0 
person 0.979119479656 2577.0 951.0 2612.0 1019.0 
person 0.970454990864 825.0 952.0 850.0 1032.0 
person 0.95907574892 1675.0 961.0 1697.0 1006.0 
person 0.953907072544 1927.0 953.0 1947.0 1008.0 
person 0.926547408104 773.0 951.0 807.0 1036.0 
person 0.913125097752 1401.0 971.0 1439.0 1015.0 
person 0.82738417387 461.0 948.0 479.0 996.0 
person 0.811238467693 1342.0 961.0 1365.0 1001.0 
person 0.757450699806 1323.0 959.0 1340.0 997.0 
person 0.323116153479 1333.0 962.0 1348.0 995.0 
