person 0.977705299854 1494.0 956.0 1522.0 1048.0 
person 0.975854933262 3586.0 953.0 3641.0 1079.0 
person 0.955612123013 2582.0 950.0 2607.0 1015.0 
person 0.942324995995 1939.0 953.0 1962.0 1008.0 
person 0.922157526016 1113.0 953.0 1131.0 1001.0 
person 0.919461846352 741.0 956.0 766.0 1037.0 
person 0.914816379547 906.0 1007.0 930.0 1097.0 
person 0.899009406567 1759.0 956.0 1783.0 1003.0 
person 0.858855366707 461.0 946.0 477.0 996.0 
person 0.853048443794 908.0 960.0 941.0 1071.0 
person 0.85049957037 1253.0 950.0 1269.0 993.0 
person 0.849111795425 717.0 952.0 745.0 1038.0 
