person 0.990121781826 1048.0 963.0 1084.0 1050.0 
person 0.976267874241 3548.0 955.0 3584.0 1061.0 
person 0.974798500538 824.0 952.0 849.0 1033.0 
person 0.966189146042 2577.0 951.0 2612.0 1021.0 
person 0.954871237278 1928.0 954.0 1948.0 1008.0 
person 0.942849457264 1676.0 960.0 1697.0 1006.0 
person 0.936639904976 774.0 953.0 807.0 1036.0 
person 0.936476171017 1404.0 974.0 1444.0 1014.0 
person 0.825575530529 461.0 948.0 479.0 997.0 
person 0.823397636414 1343.0 959.0 1366.0 1000.0 
person 0.584525704384 1681.0 961.0 1702.0 1004.0 
person 0.543327748775 1325.0 961.0 1343.0 997.0 
person 0.488163352013 1331.0 962.0 1353.0 1000.0 
