person 0.990446567535 1047.0 965.0 1085.0 1049.0 
person 0.974514842033 3547.0 955.0 3584.0 1061.0 
person 0.973891556263 823.0 953.0 849.0 1033.0 
person 0.958689391613 2577.0 952.0 2612.0 1021.0 
person 0.951343595982 1928.0 954.0 1948.0 1008.0 
person 0.947287917137 773.0 953.0 808.0 1037.0 
person 0.937560319901 1675.0 960.0 1697.0 1006.0 
person 0.900760829449 1404.0 976.0 1443.0 1015.0 
person 0.825717628002 461.0 948.0 479.0 997.0 
person 0.801752626896 1342.0 958.0 1366.0 1000.0 
person 0.644218802452 1681.0 962.0 1702.0 1004.0 
person 0.508032441139 1325.0 961.0 1346.0 998.0 
