person 0.991943240166 1047.0 965.0 1085.0 1050.0 
person 0.980223655701 3545.0 955.0 3584.0 1061.0 
person 0.962323784828 2577.0 954.0 2611.0 1022.0 
person 0.960005760193 823.0 954.0 848.0 1032.0 
person 0.940450847149 1675.0 960.0 1697.0 1007.0 
person 0.933799862862 1406.0 974.0 1446.0 1015.0 
person 0.929884910583 775.0 957.0 807.0 1036.0 
person 0.921917974949 1928.0 955.0 1947.0 1008.0 
person 0.865563988686 1342.0 957.0 1364.0 1000.0 
person 0.814086139202 461.0 948.0 479.0 997.0 
person 0.532540023327 1330.0 961.0 1353.0 1000.0 
person 0.461868226528 1327.0 961.0 1346.0 998.0 
