person 0.992255806923 1048.0 965.0 1085.0 1049.0 
person 0.983607292175 3543.0 955.0 3580.0 1062.0 
person 0.971208333969 2577.0 954.0 2609.0 1021.0 
person 0.966570138931 820.0 954.0 844.0 1031.0 
person 0.942969858646 1929.0 955.0 1948.0 1007.0 
person 0.940984010696 1676.0 961.0 1698.0 1007.0 
person 0.939367294312 775.0 959.0 808.0 1036.0 
person 0.927962839603 1406.0 973.0 1445.0 1014.0 
person 0.858397066593 1344.0 956.0 1364.0 999.0 
person 0.806624531746 461.0 948.0 479.0 997.0 
person 0.650926709175 1336.0 958.0 1353.0 999.0 
person 0.594529867172 1330.0 960.0 1344.0 997.0 
person 0.500268816948 786.0 953.0 812.0 1037.0 
