person 0.991869926453 1047.0 964.0 1085.0 1049.0 
person 0.988333940506 3543.0 956.0 3580.0 1063.0 
person 0.973916769028 2576.0 954.0 2608.0 1021.0 
person 0.969833612442 821.0 956.0 846.0 1031.0 
person 0.942355573177 1676.0 962.0 1698.0 1007.0 
person 0.939804315567 1928.0 955.0 1948.0 1008.0 
person 0.934583365917 1406.0 976.0 1445.0 1014.0 
person 0.929743111134 777.0 960.0 808.0 1035.0 
person 0.851512372494 1345.0 956.0 1364.0 999.0 
person 0.808348834515 460.0 948.0 479.0 997.0 
person 0.646607816219 1336.0 958.0 1354.0 1000.0 
person 0.603603899479 1331.0 960.0 1344.0 997.0 
person 0.395581692457 789.0 954.0 812.0 1038.0 
