person 0.98974353075 3541.0 957.0 3577.0 1064.0 
person 0.983392775059 1048.0 961.0 1083.0 1050.0 
person 0.977095961571 820.0 957.0 846.0 1032.0 
person 0.974950432777 2576.0 952.0 2605.0 1018.0 
person 0.94765907526 1678.0 962.0 1698.0 1007.0 
person 0.945835649967 1929.0 955.0 1950.0 1008.0 
person 0.929067313671 777.0 959.0 809.0 1035.0 
person 0.915450572968 460.0 947.0 476.0 998.0 
person 0.775030434132 1417.0 974.0 1447.0 1013.0 
person 0.75752311945 1342.0 956.0 1364.0 1000.0 
person 0.578878819942 1330.0 959.0 1344.0 996.0 
person 0.551596224308 1334.0 958.0 1356.0 1000.0 
person 0.528142392635 786.0 952.0 812.0 1037.0 
