person 0.988202273846 3540.0 958.0 3577.0 1066.0 
person 0.987253248692 1048.0 959.0 1083.0 1050.0 
person 0.980295240879 819.0 957.0 844.0 1031.0 
person 0.975310206413 2577.0 951.0 2603.0 1017.0 
person 0.956179618835 1678.0 962.0 1698.0 1007.0 
person 0.94824463129 1931.0 954.0 1952.0 1006.0 
person 0.928855597973 777.0 960.0 809.0 1035.0 
person 0.915305435658 460.0 947.0 476.0 998.0 
person 0.784031808376 1418.0 973.0 1447.0 1012.0 
person 0.772024989128 1341.0 956.0 1364.0 1000.0 
person 0.62508058548 786.0 952.0 812.0 1036.0 
person 0.619069397449 1332.0 958.0 1355.0 1000.0 
person 0.582977473736 1328.0 959.0 1345.0 996.0 
person 0.33584010601 1337.0 958.0 1352.0 996.0 
