person 0.984269618988 3538.0 960.0 3576.0 1070.0 
person 0.979897558689 2577.0 950.0 2599.0 1015.0 
person 0.972068607807 1680.0 961.0 1700.0 1008.0 
person 0.971768856049 815.0 960.0 841.0 1032.0 
person 0.971108615398 1047.0 954.0 1082.0 1051.0 
person 0.929967463017 784.0 953.0 811.0 1034.0 
person 0.923146367073 1933.0 953.0 1952.0 1006.0 
person 0.838552236557 1336.0 954.0 1359.0 999.0 
person 0.775192201138 1431.0 973.0 1450.0 1011.0 
person 0.774029612541 460.0 948.0 478.0 997.0 
person 0.413507312536 1333.0 956.0 1350.0 996.0 
