person 0.990164101124 3534.0 965.0 3573.0 1068.0 
person 0.980110704899 2575.0 949.0 2597.0 1013.0 
person 0.959235668182 1045.0 951.0 1074.0 1048.0 
person 0.958827018738 811.0 959.0 839.0 1034.0 
person 0.950617611408 1682.0 961.0 1701.0 1006.0 
person 0.928764760494 1934.0 952.0 1955.0 1008.0 
person 0.873842477798 782.0 959.0 806.0 1033.0 
person 0.812661647797 1436.0 968.0 1459.0 1013.0 
person 0.778887867928 459.0 947.0 478.0 997.0 
person 0.735379934311 1334.0 958.0 1358.0 998.0 
person 0.546742320061 788.0 954.0 811.0 1037.0 
