person 0.990790724754 3532.0 965.0 3572.0 1066.0 
person 0.981034219265 2575.0 949.0 2597.0 1012.0 
person 0.965851008892 810.0 958.0 838.0 1035.0 
person 0.960122525692 1682.0 961.0 1702.0 1007.0 
person 0.950972378254 1044.0 949.0 1070.0 1049.0 
person 0.934877812862 1935.0 954.0 1955.0 1007.0 
person 0.872513473034 783.0 959.0 806.0 1033.0 
person 0.869022727013 1438.0 965.0 1463.0 1013.0 
person 0.781096577644 460.0 947.0 478.0 997.0 
person 0.756628751755 1330.0 956.0 1358.0 999.0 
person 0.676601946354 1339.0 959.0 1362.0 999.0 
person 0.533543944359 788.0 954.0 810.0 1037.0 
