person 0.990057766438 3532.0 965.0 3570.0 1067.0 
person 0.983316242695 2575.0 949.0 2597.0 1012.0 
person 0.969235241413 809.0 959.0 838.0 1035.0 
person 0.958225429058 1683.0 961.0 1702.0 1007.0 
person 0.941250801086 1043.0 950.0 1069.0 1047.0 
person 0.935572743416 1935.0 953.0 1955.0 1008.0 
person 0.935059964657 1436.0 964.0 1465.0 1014.0 
person 0.888314783573 785.0 957.0 808.0 1033.0 
person 0.819622278214 459.0 947.0 478.0 997.0 
person 0.786631762981 1331.0 955.0 1355.0 999.0 
person 0.621866643429 1341.0 958.0 1363.0 999.0 
