person 0.988445401192 3530.0 966.0 3570.0 1070.0 
person 0.98137062788 2574.0 950.0 2597.0 1011.0 
person 0.967240273952 809.0 958.0 838.0 1035.0 
person 0.957022249699 1683.0 961.0 1702.0 1007.0 
person 0.941676616669 1936.0 953.0 1956.0 1008.0 
person 0.924673676491 1437.0 964.0 1467.0 1014.0 
person 0.903985321522 1044.0 950.0 1068.0 1046.0 
person 0.887250006199 784.0 956.0 809.0 1034.0 
person 0.820008158684 459.0 947.0 478.0 997.0 
person 0.760490894318 1332.0 956.0 1355.0 998.0 
person 0.530948102474 1341.0 958.0 1362.0 1000.0 
