person 0.974588871002 1035.0 959.0 1064.0 1049.0 
person 0.974252700806 2570.0 952.0 2594.0 1014.0 
person 0.967307627201 1685.0 961.0 1705.0 1008.0 
person 0.966247797012 806.0 959.0 836.0 1037.0 
person 0.945064842701 3522.0 969.0 3563.0 1070.0 
person 0.906302213669 1937.0 951.0 1957.0 1006.0 
person 0.88358271122 782.0 956.0 812.0 1035.0 
person 0.835024297237 1329.0 960.0 1359.0 1000.0 
person 0.806579709053 1447.0 965.0 1479.0 1010.0 
person 0.7469856143 459.0 947.0 478.0 997.0 
person 0.465746194124 1456.0 969.0 1483.0 1014.0 
