person 0.981151521206 3584.0 952.0 3638.0 1079.0 
person 0.976959586143 1493.0 957.0 1521.0 1047.0 
person 0.958007752895 2582.0 950.0 2607.0 1014.0 
person 0.935512721539 1939.0 953.0 1962.0 1008.0 
person 0.930349946022 1114.0 953.0 1131.0 1001.0 
person 0.924221336842 742.0 957.0 766.0 1037.0 
person 0.92010307312 908.0 957.0 941.0 1096.0 
person 0.898907542229 1758.0 957.0 1781.0 1003.0 
person 0.880091309547 718.0 952.0 743.0 1037.0 
person 0.856072127819 907.0 993.0 933.0 1098.0 
person 0.854049146175 1254.0 950.0 1270.0 993.0 
person 0.825730025768 462.0 947.0 477.0 998.0 
person 0.523575365543 725.0 952.0 747.0 1037.0 
