person 0.98291093111 1030.0 960.0 1061.0 1050.0 
person 0.977379858494 2570.0 952.0 2593.0 1013.0 
person 0.971034169197 3519.0 972.0 3563.0 1070.0 
person 0.960486531258 801.0 957.0 834.0 1039.0 
person 0.954950630665 1684.0 962.0 1706.0 1010.0 
person 0.952389001846 1938.0 952.0 1959.0 1008.0 
person 0.916272640228 1460.0 965.0 1483.0 1013.0 
person 0.88514727354 1329.0 958.0 1358.0 1002.0 
person 0.883939504623 778.0 955.0 805.0 1036.0 
person 0.774481773376 459.0 946.0 478.0 997.0 
person 0.313781559467 1453.0 968.0 1478.0 1011.0 
person 0.30690947175 787.0 961.0 820.0 1037.0 
