person 0.983360052109 1030.0 960.0 1061.0 1051.0 
person 0.978170454502 2570.0 952.0 2593.0 1014.0 
person 0.965990126133 3519.0 970.0 3562.0 1070.0 
person 0.962373137474 800.0 957.0 833.0 1039.0 
person 0.954407453537 1684.0 961.0 1705.0 1010.0 
person 0.949976861477 1938.0 952.0 1960.0 1008.0 
person 0.914182960987 1461.0 963.0 1483.0 1013.0 
person 0.908920109272 777.0 954.0 805.0 1037.0 
person 0.865770876408 1329.0 959.0 1356.0 1002.0 
person 0.789341688156 459.0 946.0 478.0 997.0 
person 0.310598909855 790.0 959.0 826.0 1036.0 
person 0.301770806313 1454.0 967.0 1479.0 1010.0 
