person 0.982637703419 1023.0 959.0 1057.0 1053.0 
person 0.965823531151 2567.0 951.0 2590.0 1012.0 
person 0.962685763836 1693.0 957.0 1722.0 1014.0 
person 0.95827293396 792.0 966.0 825.0 1041.0 
person 0.949858725071 1940.0 953.0 1966.0 1008.0 
person 0.940854728222 1474.0 965.0 1505.0 1015.0 
person 0.930083453655 1312.0 957.0 1344.0 1002.0 
person 0.923388540745 3502.0 979.0 3556.0 1074.0 
person 0.919626832008 770.0 953.0 800.0 1038.0 
person 0.783726274967 459.0 948.0 476.0 997.0 
person 0.390298128128 1310.0 958.0 1334.0 998.0 
