person 0.983077228069 1023.0 958.0 1057.0 1053.0 
person 0.980830848217 3499.0 972.0 3561.0 1077.0 
person 0.973890304565 1694.0 956.0 1724.0 1013.0 
person 0.965402126312 2567.0 951.0 2590.0 1011.0 
person 0.95480298996 793.0 966.0 823.0 1038.0 
person 0.947681367397 1310.0 957.0 1345.0 1003.0 
person 0.947021126747 1941.0 952.0 1967.0 1008.0 
person 0.924250364304 768.0 954.0 800.0 1038.0 
person 0.827319264412 459.0 948.0 476.0 997.0 
person 0.822099804878 1477.0 967.0 1505.0 1013.0 
person 0.33660620451 1488.0 967.0 1507.0 1010.0 
