person 0.986645519733 3584.0 951.0 3637.0 1079.0 
person 0.976705849171 1493.0 958.0 1521.0 1046.0 
person 0.9617882967 2582.0 950.0 2607.0 1015.0 
person 0.935757577419 1939.0 953.0 1962.0 1008.0 
person 0.935116231441 1114.0 954.0 1131.0 1001.0 
person 0.929767131805 742.0 957.0 766.0 1037.0 
person 0.9246083498 906.0 969.0 938.0 1098.0 
person 0.906798183918 1756.0 957.0 1780.0 1002.0 
person 0.877376973629 718.0 953.0 743.0 1038.0 
person 0.843666851521 1250.0 952.0 1267.0 995.0 
person 0.836294949055 461.0 946.0 477.0 998.0 
person 0.73198133707 1256.0 951.0 1272.0 994.0 
person 0.568413376808 906.0 1003.0 932.0 1100.0 
person 0.398924708366 726.0 953.0 747.0 1038.0 
