person 0.991997539997 3469.0 964.0 3533.0 1078.0 
person 0.985034823418 1019.0 957.0 1046.0 1053.0 
person 0.967388629913 1704.0 956.0 1732.0 1016.0 
person 0.965138435364 2567.0 952.0 2591.0 1010.0 
person 0.950173437595 784.0 963.0 816.0 1041.0 
person 0.93439668417 1944.0 952.0 1970.0 1009.0 
person 0.896362364292 1502.0 959.0 1527.0 1014.0 
person 0.80805516243 763.0 954.0 784.0 1033.0 
person 0.786530137062 1302.0 956.0 1331.0 1002.0 
person 0.733023226261 774.0 958.0 794.0 1036.0 
person 0.692115068436 458.0 947.0 474.0 993.0 
