person 0.98810428381 1016.0 957.0 1044.0 1054.0 
person 0.978763520718 3463.0 963.0 3527.0 1081.0 
person 0.970356762409 1713.0 958.0 1737.0 1014.0 
person 0.968049287796 773.0 959.0 818.0 1044.0 
person 0.966277122498 2567.0 952.0 2591.0 1011.0 
person 0.938788473606 1946.0 951.0 1971.0 1008.0 
person 0.903786957264 1504.0 962.0 1530.0 1014.0 
person 0.773746311665 1303.0 959.0 1328.0 1001.0 
person 0.729461848736 761.0 953.0 783.0 1031.0 
person 0.668306529522 458.0 947.0 474.0 994.0 
person 0.615430176258 1297.0 958.0 1322.0 998.0 
person 0.428821474314 1295.0 959.0 1312.0 994.0 
person 0.394470691681 767.0 959.0 789.0 1030.0 
person 0.301286756992 771.0 955.0 801.0 1035.0 
