person 0.981987655163 3584.0 952.0 3633.0 1079.0 
person 0.979863643646 1493.0 958.0 1521.0 1046.0 
person 0.964774250984 2581.0 950.0 2607.0 1015.0 
person 0.946615338326 905.0 968.0 940.0 1099.0 
person 0.935167849064 1115.0 955.0 1131.0 1001.0 
person 0.933925151825 743.0 956.0 766.0 1037.0 
person 0.932039678097 1939.0 953.0 1962.0 1008.0 
person 0.88222360611 1746.0 956.0 1781.0 1002.0 
person 0.876396775246 721.0 953.0 746.0 1037.0 
person 0.855550289154 1250.0 952.0 1268.0 994.0 
person 0.818949699402 905.0 999.0 933.0 1098.0 
person 0.807688593864 461.0 946.0 477.0 998.0 
person 0.754918158054 1255.0 951.0 1272.0 994.0 
person 0.328092783689 749.0 957.0 770.0 1036.0 
