person 0.998076558113 3458.0 960.0 3530.0 1084.0 
person 0.990339338779 1013.0 957.0 1043.0 1057.0 
person 0.984607279301 768.0 958.0 816.0 1046.0 
person 0.965846896172 1715.0 957.0 1739.0 1014.0 
person 0.964220762253 2567.0 951.0 2590.0 1010.0 
person 0.95244294405 1502.0 961.0 1535.0 1016.0 
person 0.907983183861 1947.0 952.0 1971.0 1009.0 
person 0.799433410168 1299.0 958.0 1323.0 1003.0 
person 0.761913120747 760.0 952.0 780.0 1031.0 
person 0.724543273449 457.0 947.0 473.0 994.0 
person 0.72376704216 1291.0 956.0 1312.0 998.0 
person 0.580467104912 1289.0 956.0 1301.0 994.0 
