person 0.996300458908 3453.0 960.0 3529.0 1082.0 
person 0.989004909992 1012.0 958.0 1043.0 1056.0 
person 0.981494188309 768.0 959.0 814.0 1044.0 
person 0.976802408695 1502.0 959.0 1538.0 1018.0 
person 0.966627061367 1716.0 958.0 1741.0 1015.0 
person 0.964805662632 2568.0 952.0 2591.0 1010.0 
person 0.959138631821 1948.0 950.0 1972.0 1008.0 
person 0.892356097698 454.0 950.0 469.0 995.0 
person 0.866704821587 1287.0 955.0 1321.0 1003.0 
person 0.808987081051 759.0 951.0 780.0 1033.0 
person 0.685037612915 458.0 946.0 474.0 994.0 
