person 0.996919751167 3437.0 962.0 3510.0 1084.0 
person 0.992966651917 1004.0 960.0 1041.0 1054.0 
person 0.972773790359 755.0 959.0 791.0 1049.0 
person 0.970293998718 2569.0 952.0 2591.0 1007.0 
person 0.958737194538 1951.0 951.0 1973.0 1007.0 
person 0.93869382143 1520.0 961.0 1549.0 1020.0 
person 0.925632059574 1722.0 961.0 1750.0 1016.0 
person 0.867900311947 1284.0 957.0 1319.0 1004.0 
person 0.685531377792 457.0 946.0 473.0 995.0 
person 0.579950749874 1278.0 954.0 1296.0 999.0 
person 0.517821490765 1280.0 956.0 1304.0 1001.0 
