person 0.995359957218 3409.0 967.0 3485.0 1084.0 
person 0.991921186447 999.0 956.0 1039.0 1058.0 
person 0.986010313034 745.0 962.0 789.0 1049.0 
person 0.97486692667 2573.0 948.0 2594.0 1008.0 
person 0.956493616104 1952.0 950.0 1975.0 1006.0 
person 0.931856870651 1724.0 960.0 1757.0 1017.0 
person 0.925659537315 1277.0 957.0 1316.0 1004.0 
person 0.92118024826 1534.0 963.0 1563.0 1020.0 
person 0.669539391994 1271.0 956.0 1290.0 1002.0 
person 0.669132828712 1272.0 956.0 1299.0 1005.0 
person 0.559470236301 457.0 948.0 474.0 996.0 
