person 0.997116446495 985.0 963.0 1033.0 1062.0 
person 0.987352848053 725.0 957.0 771.0 1050.0 
person 0.986927092075 3375.0 970.0 3466.0 1087.0 
person 0.980602264404 2575.0 950.0 2596.0 1005.0 
person 0.97718256712 1955.0 951.0 1980.0 1009.0 
person 0.958112359047 1738.0 955.0 1768.0 1018.0 
person 0.946949481964 451.0 948.0 467.0 996.0 
person 0.936841726303 1552.0 961.0 1586.0 1021.0 
person 0.91619348526 1261.0 955.0 1296.0 1008.0 
person 0.459979593754 455.0 946.0 472.0 994.0 
person 0.336765915155 1258.0 953.0 1283.0 998.0 
