person 0.996119737625 975.0 960.0 1028.0 1063.0 
person 0.995365619659 3344.0 966.0 3430.0 1084.0 
person 0.976850509644 1957.0 953.0 1982.0 1009.0 
person 0.970476448536 2575.0 951.0 2596.0 1006.0 
person 0.968886554241 714.0 958.0 755.0 1053.0 
person 0.966447949409 1744.0 956.0 1779.0 1022.0 
person 0.952543735504 1573.0 962.0 1600.0 1026.0 
person 0.945266187191 449.0 948.0 466.0 997.0 
person 0.858192265034 1255.0 955.0 1286.0 1005.0 
person 0.732654511929 731.0 961.0 760.0 1044.0 
person 0.491474896669 1250.0 955.0 1272.0 1000.0 
person 0.327112019062 1248.0 957.0 1263.0 996.0 
