person 0.998732626438 3333.0 968.0 3422.0 1085.0 
person 0.99403077364 974.0 961.0 1025.0 1064.0 
person 0.976994335651 1958.0 952.0 1983.0 1009.0 
person 0.972046971321 2575.0 951.0 2596.0 1006.0 
person 0.966681063175 1747.0 956.0 1783.0 1023.0 
person 0.960135757923 715.0 957.0 754.0 1054.0 
person 0.942001461983 449.0 948.0 466.0 997.0 
person 0.902742266655 1579.0 966.0 1601.0 1025.0 
person 0.83568751812 1255.0 954.0 1283.0 1007.0 
person 0.69479238987 710.0 957.0 741.0 1056.0 
person 0.640768170357 1585.0 965.0 1604.0 1022.0 
person 0.577568948269 732.0 953.0 758.0 1043.0 
person 0.569490432739 1249.0 954.0 1272.0 1001.0 
person 0.46840941906 1247.0 955.0 1261.0 996.0 
