person 0.998311281204 3330.0 968.0 3408.0 1085.0 
person 0.990944623947 971.0 961.0 1024.0 1062.0 
person 0.975229263306 1958.0 953.0 1983.0 1009.0 
person 0.966971993446 706.0 961.0 744.0 1057.0 
person 0.955783069134 1750.0 957.0 1782.0 1022.0 
person 0.955163538456 2576.0 953.0 2597.0 1005.0 
person 0.948502779007 448.0 948.0 466.0 997.0 
person 0.941457629204 1581.0 963.0 1605.0 1023.0 
person 0.879651546478 1249.0 955.0 1283.0 1007.0 
person 0.842835366726 721.0 957.0 754.0 1041.0 
person 0.48036468029 1245.0 954.0 1268.0 1003.0 
person 0.41422522068 732.0 957.0 757.0 1038.0 
person 0.317689418793 1260.0 958.0 1288.0 1008.0 
person 0.316376358271 454.0 946.0 471.0 996.0 
person 0.303133279085 1245.0 956.0 1257.0 998.0 
