person 0.996954917908 3324.0 966.0 3402.0 1079.0 
person 0.989335715771 970.0 958.0 1023.0 1062.0 
person 0.972309172153 1959.0 952.0 1983.0 1009.0 
person 0.961734831333 1581.0 964.0 1608.0 1023.0 
person 0.952735900879 703.0 962.0 741.0 1055.0 
person 0.949788510799 2576.0 953.0 2597.0 1005.0 
person 0.942087471485 448.0 948.0 466.0 997.0 
person 0.934327304363 1751.0 957.0 1783.0 1022.0 
person 0.876288235188 1249.0 953.0 1281.0 1009.0 
person 0.817611813545 724.0 955.0 753.0 1037.0 
person 0.620878517628 1246.0 954.0 1269.0 1007.0 
