person 0.996692180634 3315.0 964.0 3398.0 1083.0 
person 0.990377604961 966.0 961.0 1017.0 1063.0 
person 0.973150372505 1760.0 958.0 1789.0 1021.0 
person 0.970837056637 1960.0 952.0 1985.0 1010.0 
person 0.962361872196 2576.0 953.0 2598.0 1005.0 
person 0.958088934422 1581.0 961.0 1615.0 1022.0 
person 0.944223999977 448.0 948.0 466.0 997.0 
person 0.941885590553 700.0 963.0 738.0 1052.0 
person 0.92433154583 1248.0 954.0 1280.0 1008.0 
person 0.91680508852 720.0 952.0 750.0 1038.0 
person 0.807534694672 1245.0 953.0 1266.0 1008.0 
person 0.447015941143 700.0 967.0 726.0 1040.0 
person 0.4170589149 713.0 963.0 745.0 1055.0 
