person 0.999140024185 3296.0 964.0 3392.0 1087.0 
person 0.992804944515 960.0 958.0 1006.0 1063.0 
person 0.989730715752 1582.0 953.0 1633.0 1030.0 
person 0.973481953144 2578.0 949.0 2598.0 1005.0 
person 0.964539110661 1767.0 958.0 1795.0 1020.0 
person 0.964333415031 1964.0 951.0 1989.0 1009.0 
person 0.950883209705 685.0 958.0 730.0 1056.0 
person 0.9372574687 710.0 951.0 745.0 1042.0 
person 0.920122504234 1239.0 952.0 1266.0 1009.0 
person 0.913661122322 449.0 949.0 466.0 996.0 
person 0.742721199989 700.0 956.0 738.0 1048.0 
person 0.418307512999 454.0 947.0 468.0 996.0 
