person 0.978233873844 3581.0 953.0 3627.0 1076.0 
person 0.977735161781 1492.0 957.0 1521.0 1046.0 
person 0.968818962574 2581.0 950.0 2607.0 1016.0 
person 0.933189034462 741.0 956.0 766.0 1038.0 
person 0.933011054993 1939.0 953.0 1963.0 1008.0 
person 0.885050535202 907.0 985.0 938.0 1098.0 
person 0.881872355938 721.0 953.0 745.0 1037.0 
person 0.877856314182 1115.0 957.0 1131.0 1001.0 
person 0.86488866806 1250.0 952.0 1268.0 994.0 
person 0.860056638718 1732.0 954.0 1782.0 1003.0 
person 0.827834069729 461.0 946.0 477.0 997.0 
person 0.823673963547 910.0 959.0 944.0 1079.0 
person 0.751101315022 1255.0 951.0 1272.0 994.0 
person 0.740389704704 1748.0 958.0 1781.0 999.0 
