person 0.998399436474 3284.0 966.0 3382.0 1085.0 
person 0.9896915555 958.0 957.0 1006.0 1066.0 
person 0.97501295805 677.0 956.0 733.0 1057.0 
person 0.965675890446 1964.0 951.0 1990.0 1007.0 
person 0.958556294441 2578.0 948.0 2599.0 1005.0 
person 0.954937756062 1588.0 954.0 1639.0 1029.0 
person 0.921344459057 1771.0 959.0 1798.0 1022.0 
person 0.906018197536 705.0 951.0 743.0 1040.0 
person 0.905543982983 448.0 949.0 465.0 997.0 
person 0.879868924618 1236.0 953.0 1260.0 1006.0 
person 0.512945592403 1233.0 952.0 1251.0 1000.0 
person 0.337028890848 1242.0 957.0 1264.0 1006.0 
