person 0.99850332737 3273.0 964.0 3374.0 1085.0 
person 0.989265203476 957.0 956.0 1005.0 1067.0 
person 0.985141396523 672.0 956.0 726.0 1057.0 
person 0.972036421299 1773.0 956.0 1815.0 1024.0 
person 0.963043868542 1965.0 952.0 1990.0 1008.0 
person 0.948675811291 2578.0 948.0 2600.0 1005.0 
person 0.926087677479 705.0 954.0 738.0 1034.0 
person 0.910029470921 1231.0 951.0 1255.0 1005.0 
person 0.900954425335 449.0 949.0 465.0 997.0 
person 0.886783957481 1612.0 955.0 1644.0 1029.0 
person 0.348083794117 1600.0 956.0 1640.0 1023.0 
