person 0.996263206005 3277.0 965.0 3368.0 1085.0 
person 0.990530431271 956.0 958.0 1004.0 1065.0 
person 0.973502874374 668.0 959.0 726.0 1054.0 
person 0.972940802574 1774.0 956.0 1813.0 1023.0 
person 0.963822960854 1966.0 952.0 1991.0 1007.0 
person 0.949477791786 2578.0 948.0 2600.0 1005.0 
person 0.935870110989 704.0 952.0 736.0 1029.0 
person 0.927573561668 1230.0 951.0 1253.0 1004.0 
person 0.894054472446 449.0 949.0 465.0 996.0 
person 0.788945496082 1616.0 957.0 1645.0 1027.0 
person 0.327922552824 1601.0 956.0 1644.0 1024.0 
