person 0.976922273636 3581.0 952.0 3625.0 1076.0 
person 0.976062357426 1492.0 957.0 1521.0 1046.0 
person 0.96873998642 2581.0 950.0 2607.0 1016.0 
person 0.933778762817 1939.0 953.0 1962.0 1008.0 
person 0.931962370872 740.0 956.0 766.0 1039.0 
person 0.889532744884 907.0 985.0 938.0 1098.0 
person 0.888684093952 721.0 953.0 745.0 1038.0 
person 0.871047735214 1115.0 957.0 1131.0 1001.0 
person 0.86289191246 1737.0 955.0 1782.0 1002.0 
person 0.85118407011 1250.0 953.0 1268.0 994.0 
person 0.828589916229 910.0 959.0 944.0 1077.0 
person 0.823768138885 461.0 946.0 477.0 997.0 
person 0.742549717426 1255.0 951.0 1273.0 994.0 
person 0.642464995384 1751.0 959.0 1779.0 1001.0 
