person 0.996492445469 3230.0 962.0 3305.0 1084.0 
person 0.98573499918 943.0 963.0 983.0 1066.0 
person 0.984931588173 642.0 961.0 678.0 1065.0 
person 0.967318892479 1217.0 953.0 1248.0 1008.0 
person 0.956520795822 1970.0 955.0 1997.0 1007.0 
person 0.950202167034 693.0 953.0 721.0 1047.0 
person 0.942600488663 2580.0 956.0 2608.0 1007.0 
person 0.938815951347 1789.0 964.0 1816.0 1023.0 
person 0.926144123077 445.0 949.0 462.0 1000.0 
person 0.913476884365 1636.0 968.0 1675.0 1025.0 
person 0.33901938796 450.0 950.0 464.0 997.0 
person 0.313729614019 1643.0 974.0 1666.0 1021.0 
