person 0.993937373161 3217.0 962.0 3302.0 1086.0 
person 0.992215096951 937.0 963.0 975.0 1067.0 
person 0.989858329296 626.0 959.0 671.0 1063.0 
person 0.984297692776 1640.0 959.0 1694.0 1032.0 
person 0.967549324036 1211.0 956.0 1242.0 1005.0 
person 0.956114709377 1970.0 956.0 2000.0 1008.0 
person 0.952587783337 689.0 951.0 716.0 1048.0 
person 0.947637796402 2582.0 957.0 2611.0 1007.0 
person 0.927462220192 1791.0 965.0 1822.0 1025.0 
person 0.92049318552 445.0 949.0 461.0 999.0 
person 0.61127358675 449.0 950.0 465.0 997.0 
