person 0.998319923878 3204.0 955.0 3294.0 1085.0 
person 0.99378234148 936.0 964.0 970.0 1070.0 
person 0.985723793507 624.0 959.0 670.0 1062.0 
person 0.958648979664 1972.0 956.0 2003.0 1011.0 
person 0.952714025974 1209.0 956.0 1237.0 1005.0 
person 0.946125626564 2581.0 958.0 2610.0 1007.0 
person 0.942352414131 685.0 951.0 716.0 1049.0 
person 0.927989780903 1793.0 965.0 1822.0 1024.0 
person 0.925398528576 445.0 949.0 461.0 999.0 
person 0.892729520798 1656.0 964.0 1695.0 1029.0 
person 0.614552557468 449.0 948.0 465.0 997.0 
