person 0.997274816036 3190.0 955.0 3281.0 1081.0 
person 0.984718024731 926.0 959.0 966.0 1069.0 
person 0.971732854843 1971.0 955.0 2005.0 1010.0 
person 0.968851625919 617.0 958.0 666.0 1065.0 
person 0.964644372463 678.0 949.0 714.0 1048.0 
person 0.958678126335 2581.0 958.0 2609.0 1007.0 
person 0.946668565273 1795.0 966.0 1826.0 1024.0 
person 0.926448345184 1673.0 961.0 1699.0 1029.0 
person 0.880520582199 1204.0 955.0 1227.0 1004.0 
person 0.769830882549 447.0 949.0 462.0 996.0 
person 0.564904749393 1210.0 956.0 1232.0 1002.0 
person 0.537799477577 1201.0 957.0 1219.0 1011.0 
