person 0.995613455772 918.0 957.0 966.0 1071.0 
person 0.976726770401 1971.0 955.0 2005.0 1009.0 
person 0.976057589054 3178.0 960.0 3258.0 1076.0 
person 0.975547850132 1198.0 953.0 1225.0 1011.0 
person 0.973642528057 609.0 956.0 659.0 1068.0 
person 0.962481975555 672.0 953.0 716.0 1051.0 
person 0.956907629967 2582.0 957.0 2610.0 1007.0 
person 0.945044577122 1801.0 968.0 1826.0 1023.0 
person 0.931136190891 1683.0 971.0 1707.0 1028.0 
person 0.795880377293 446.0 949.0 462.0 997.0 
person 0.457395881414 1799.0 969.0 1819.0 1011.0 
