person 0.997190535069 907.0 958.0 961.0 1071.0 
person 0.99170589447 591.0 956.0 653.0 1071.0 
person 0.984261989594 664.0 956.0 712.0 1052.0 
person 0.974948048592 1978.0 956.0 2008.0 1010.0 
person 0.963469386101 1191.0 953.0 1218.0 1009.0 
person 0.960494577885 2582.0 958.0 2610.0 1007.0 
person 0.919968724251 1802.0 971.0 1826.0 1024.0 
person 0.899831175804 1694.0 967.0 1720.0 1024.0 
person 0.866628885269 3168.0 959.0 3206.0 1075.0 
person 0.763655245304 445.0 949.0 461.0 997.0 
person 0.63047939539 1807.0 976.0 1830.0 1027.0 
person 0.443561404943 1801.0 973.0 1818.0 1011.0 
