person 0.995536923409 897.0 957.0 958.0 1072.0 
person 0.989302933216 579.0 955.0 636.0 1063.0 
person 0.973371267319 1979.0 957.0 2009.0 1010.0 
person 0.96817189455 2581.0 957.0 2612.0 1008.0 
person 0.966350793839 1700.0 964.0 1732.0 1028.0 
person 0.959747195244 664.0 959.0 704.0 1047.0 
person 0.942094922066 1806.0 970.0 1832.0 1026.0 
person 0.869327425957 1186.0 960.0 1211.0 1005.0 
person 0.739898383617 3161.0 979.0 3210.0 1077.0 
person 0.686658918858 444.0 950.0 461.0 996.0 
person 0.669573545456 1182.0 959.0 1202.0 1006.0 
person 0.637939691544 3146.0 963.0 3194.0 1071.0 
person 0.59875947237 1192.0 958.0 1214.0 1002.0 
person 0.313844412565 1709.0 965.0 1736.0 1022.0 
