person 0.975863218307 1491.0 956.0 1522.0 1046.0 
person 0.975000977516 3578.0 951.0 3617.0 1077.0 
person 0.96817946434 2581.0 950.0 2607.0 1016.0 
person 0.939947009087 1939.0 953.0 1963.0 1008.0 
person 0.926711976528 740.0 956.0 766.0 1038.0 
person 0.887303233147 1116.0 956.0 1132.0 1001.0 
person 0.871536612511 721.0 953.0 745.0 1038.0 
person 0.871119737625 906.0 1007.0 931.0 1098.0 
person 0.861140668392 1254.0 951.0 1271.0 992.0 
person 0.846334934235 461.0 946.0 477.0 997.0 
person 0.843114674091 910.0 958.0 944.0 1075.0 
person 0.836889445782 1739.0 955.0 1781.0 1003.0 
