person 0.994044482708 3124.0 954.0 3191.0 1079.0 
person 0.99342828989 883.0 961.0 947.0 1070.0 
person 0.986712694168 654.0 951.0 688.0 1049.0 
person 0.983989715576 565.0 964.0 612.0 1070.0 
person 0.975819528103 1984.0 957.0 2011.0 1010.0 
person 0.966925680637 1708.0 955.0 1759.0 1033.0 
person 0.935460031033 1806.0 967.0 1830.0 1027.0 
person 0.933856725693 2582.0 955.0 2612.0 1009.0 
person 0.890825986862 1170.0 955.0 1198.0 1010.0 
person 0.728027760983 443.0 950.0 460.0 997.0 
person 0.580178499222 1185.0 956.0 1205.0 1005.0 
person 0.351406991482 1193.0 958.0 1206.0 993.0 
