person 0.994492173195 3120.0 953.0 3186.0 1079.0 
person 0.990370333195 882.0 962.0 941.0 1069.0 
person 0.986917495728 651.0 950.0 687.0 1051.0 
person 0.985375165939 563.0 964.0 606.0 1069.0 
person 0.97307485342 1987.0 956.0 2012.0 1010.0 
person 0.960499823093 2581.0 954.0 2612.0 1008.0 
person 0.938325583935 1807.0 966.0 1828.0 1027.0 
person 0.788479208946 443.0 950.0 460.0 997.0 
person 0.763328969479 1186.0 956.0 1203.0 1001.0 
person 0.713601589203 1707.0 968.0 1762.0 1032.0 
person 0.631360709667 1811.0 973.0 1833.0 1029.0 
person 0.605183959007 1178.0 955.0 1198.0 1005.0 
person 0.601154863834 1173.0 954.0 1192.0 1002.0 
person 0.600048601627 1165.0 954.0 1183.0 1006.0 
person 0.407944560051 1191.0 957.0 1206.0 999.0 
person 0.355271071196 1721.0 977.0 1762.0 1037.0 
