person 0.991127669811 3111.0 959.0 3184.0 1080.0 
person 0.984265804291 879.0 962.0 930.0 1072.0 
person 0.983293414116 560.0 965.0 595.0 1071.0 
person 0.981331467628 648.0 953.0 685.0 1051.0 
person 0.978004395962 1988.0 955.0 2013.0 1011.0 
person 0.958477675915 2580.0 954.0 2611.0 1008.0 
person 0.944375395775 1807.0 965.0 1829.0 1027.0 
person 0.824151813984 1163.0 957.0 1180.0 1007.0 
person 0.810990393162 1186.0 954.0 1202.0 1000.0 
person 0.756264746189 443.0 951.0 460.0 997.0 
person 0.633041739464 1175.0 955.0 1192.0 1001.0 
person 0.62455868721 1170.0 957.0 1185.0 1001.0 
person 0.569691300392 1723.0 968.0 1762.0 1019.0 
person 0.426999717951 1190.0 955.0 1205.0 997.0 
