person 0.991436898708 879.0 963.0 931.0 1069.0 
person 0.988059222698 3107.0 959.0 3180.0 1075.0 
person 0.983575105667 1988.0 954.0 2013.0 1011.0 
person 0.97776466608 556.0 966.0 591.0 1071.0 
person 0.968931317329 648.0 953.0 685.0 1054.0 
person 0.945469379425 1807.0 964.0 1833.0 1030.0 
person 0.929788410664 2580.0 953.0 2609.0 1009.0 
person 0.848935008049 1160.0 953.0 1178.0 1007.0 
person 0.814251661301 1184.0 954.0 1200.0 999.0 
person 0.79631960392 442.0 952.0 458.0 999.0 
person 0.772276937962 1717.0 956.0 1773.0 1036.0 
person 0.556130051613 1175.0 954.0 1195.0 1001.0 
person 0.542940437794 1168.0 954.0 1184.0 1002.0 
person 0.463143050671 1189.0 955.0 1204.0 997.0 
