person 0.983708977699 1492.0 957.0 1522.0 1047.0 
person 0.977124869823 3576.0 949.0 3617.0 1076.0 
person 0.968065261841 2581.0 949.0 2607.0 1015.0 
person 0.94072073698 1939.0 953.0 1963.0 1008.0 
person 0.925581872463 740.0 956.0 766.0 1038.0 
person 0.882374227047 721.0 952.0 745.0 1038.0 
person 0.870936989784 907.0 977.0 939.0 1097.0 
person 0.870099186897 1116.0 956.0 1132.0 1001.0 
person 0.848853230476 1740.0 956.0 1780.0 1002.0 
person 0.843538403511 1254.0 950.0 1271.0 992.0 
person 0.842910051346 907.0 1008.0 931.0 1098.0 
person 0.804876327515 461.0 947.0 477.0 998.0 
person 0.595064401627 909.0 957.0 944.0 1070.0 
