person 0.997114181519 871.0 961.0 920.0 1073.0 
person 0.988872110844 3086.0 949.0 3166.0 1070.0 
person 0.987183868885 644.0 951.0 678.0 1051.0 
person 0.980965733528 541.0 959.0 578.0 1071.0 
person 0.976292729378 1991.0 953.0 2015.0 1011.0 
person 0.97370672226 2578.0 952.0 2601.0 1009.0 
person 0.94932103157 1808.0 960.0 1834.0 1027.0 
person 0.917593717575 1750.0 966.0 1781.0 1038.0 
person 0.832834422588 441.0 952.0 457.0 999.0 
person 0.79860496521 1151.0 958.0 1171.0 1009.0 
person 0.798176825047 1173.0 957.0 1194.0 999.0 
person 0.531077384949 1181.0 957.0 1198.0 995.0 
person 0.308960437775 1167.0 957.0 1184.0 1000.0 
