person 0.99647128582 870.0 960.0 915.0 1073.0 
person 0.99071842432 643.0 949.0 676.0 1057.0 
person 0.988169670105 536.0 959.0 576.0 1074.0 
person 0.981393396854 1992.0 952.0 2016.0 1011.0 
person 0.976158022881 2577.0 952.0 2600.0 1008.0 
person 0.959617555141 1808.0 958.0 1834.0 1026.0 
person 0.944641590118 3081.0 954.0 3155.0 1069.0 
person 0.900897145271 1759.0 965.0 1788.0 1036.0 
person 0.859700024128 441.0 951.0 457.0 999.0 
person 0.85636639595 1150.0 961.0 1167.0 1008.0 
person 0.80184340477 1175.0 957.0 1193.0 999.0 
person 0.557420313358 1157.0 959.0 1173.0 1004.0 
person 0.508719265461 1179.0 957.0 1197.0 996.0 
person 0.364328950644 1171.0 956.0 1185.0 999.0 
