person 0.9956407547 865.0 959.0 913.0 1074.0 
person 0.989665448666 526.0 959.0 575.0 1072.0 
person 0.989332556725 638.0 949.0 675.0 1057.0 
person 0.976583957672 1994.0 952.0 2017.0 1012.0 
person 0.96516507864 2574.0 953.0 2599.0 1008.0 
person 0.952636003494 1808.0 958.0 1834.0 1027.0 
person 0.873122274876 1764.0 964.0 1794.0 1035.0 
person 0.869933605194 3079.0 956.0 3153.0 1065.0 
person 0.849077522755 440.0 951.0 457.0 999.0 
person 0.830386400223 1174.0 953.0 1195.0 998.0 
person 0.82641351223 1148.0 964.0 1165.0 1009.0 
person 0.630288898945 3077.0 960.0 3127.0 1055.0 
person 0.353606253862 1155.0 959.0 1172.0 1005.0 
