person 0.995480537415 865.0 958.0 912.0 1074.0 
person 0.991583943367 521.0 958.0 574.0 1071.0 
person 0.990657329559 635.0 949.0 675.0 1057.0 
person 0.974700510502 1995.0 952.0 2017.0 1011.0 
person 0.957785248756 2575.0 955.0 2599.0 1009.0 
person 0.943670272827 1807.0 957.0 1833.0 1026.0 
person 0.895292162895 1172.0 952.0 1195.0 999.0 
person 0.864527404308 1146.0 962.0 1164.0 1010.0 
person 0.837588489056 3068.0 953.0 3114.0 1073.0 
person 0.837517917156 441.0 952.0 457.0 999.0 
person 0.751872003078 1766.0 963.0 1796.0 1034.0 
person 0.525922358036 1775.0 962.0 1797.0 1016.0 
person 0.375148534775 1169.0 952.0 1187.0 1000.0 
