person 0.995774447918 857.0 959.0 908.0 1078.0 
person 0.995052754879 3050.0 953.0 3113.0 1073.0 
person 0.992539584637 496.0 960.0 568.0 1074.0 
person 0.98828214407 625.0 951.0 671.0 1057.0 
person 0.984051287174 2573.0 952.0 2598.0 1009.0 
person 0.982373714447 1997.0 951.0 2022.0 1011.0 
person 0.953639924526 1162.0 954.0 1191.0 997.0 
person 0.942852735519 1769.0 961.0 1832.0 1037.0 
person 0.807143986225 440.0 952.0 458.0 999.0 
person 0.788604855537 1136.0 958.0 1160.0 1009.0 
person 0.771326959133 1802.0 960.0 1832.0 1029.0 
