person 0.996675491333 494.0 962.0 568.0 1075.0 
person 0.995333850384 855.0 958.0 908.0 1078.0 
person 0.994823694229 3048.0 953.0 3104.0 1073.0 
person 0.989618718624 626.0 951.0 670.0 1056.0 
person 0.985330224037 2573.0 951.0 2597.0 1009.0 
person 0.98129683733 1997.0 951.0 2022.0 1011.0 
person 0.947996973991 1162.0 953.0 1191.0 997.0 
person 0.934749245644 1771.0 961.0 1833.0 1036.0 
person 0.893244385719 1134.0 961.0 1158.0 1008.0 
person 0.814229249954 441.0 952.0 458.0 999.0 
person 0.797178566456 1805.0 960.0 1833.0 1028.0 
