person 0.996612012386 852.0 957.0 906.0 1079.0 
person 0.99453151226 489.0 963.0 565.0 1074.0 
person 0.993687570095 624.0 952.0 670.0 1057.0 
person 0.993034362793 3044.0 954.0 3102.0 1071.0 
person 0.984131872654 2573.0 951.0 2597.0 1010.0 
person 0.977837383747 1997.0 952.0 2023.0 1011.0 
person 0.969215095043 1772.0 958.0 1835.0 1037.0 
person 0.932413041592 1162.0 952.0 1190.0 997.0 
person 0.905330896378 1133.0 963.0 1158.0 1010.0 
person 0.792626738548 440.0 952.0 458.0 999.0 
person 0.700467169285 1803.0 959.0 1834.0 1032.0 
