person 0.98201328516 1491.0 958.0 1522.0 1046.0 
person 0.968856573105 2581.0 949.0 2607.0 1016.0 
person 0.962743997574 3577.0 949.0 3613.0 1078.0 
person 0.939021766186 1939.0 953.0 1963.0 1008.0 
person 0.929404735565 740.0 955.0 766.0 1039.0 
person 0.905876159668 721.0 952.0 746.0 1038.0 
person 0.870837688446 1254.0 951.0 1271.0 992.0 
person 0.863798499107 1116.0 955.0 1132.0 1001.0 
person 0.851874530315 907.0 1009.0 931.0 1098.0 
person 0.847814977169 907.0 982.0 939.0 1097.0 
person 0.843976378441 910.0 958.0 944.0 1075.0 
person 0.811883449554 1733.0 955.0 1780.0 1003.0 
person 0.787950098515 461.0 947.0 477.0 998.0 
