person 0.998459935188 481.0 968.0 550.0 1073.0 
person 0.994537770748 844.0 959.0 893.0 1074.0 
person 0.98064249754 1998.0 953.0 2024.0 1011.0 
person 0.976019442081 621.0 951.0 655.0 1056.0 
person 0.975365638733 2568.0 953.0 2590.0 1011.0 
person 0.971140444279 3027.0 950.0 3084.0 1071.0 
person 0.954881906509 1121.0 957.0 1149.0 1011.0 
person 0.914048790932 1810.0 960.0 1845.0 1026.0 
person 0.906986773014 1156.0 957.0 1175.0 998.0 
person 0.839285135269 438.0 953.0 455.0 1001.0 
person 0.303621560335 1821.0 961.0 1845.0 1016.0 
person 0.301273465157 1800.0 961.0 1837.0 1022.0 
