person 0.99564063549 480.0 968.0 549.0 1072.0 
person 0.992158412933 841.0 963.0 888.0 1076.0 
person 0.981425642967 1998.0 952.0 2025.0 1010.0 
person 0.970844507217 3023.0 955.0 3082.0 1069.0 
person 0.970310986042 2566.0 952.0 2589.0 1013.0 
person 0.965660631657 617.0 950.0 651.0 1058.0 
person 0.94432926178 1118.0 957.0 1149.0 1009.0 
person 0.908680260181 1154.0 956.0 1174.0 1000.0 
person 0.81663697958 1806.0 961.0 1833.0 1019.0 
person 0.747753381729 1828.0 962.0 1859.0 1033.0 
person 0.685689032078 439.0 952.0 457.0 1000.0 
person 0.475172251463 1805.0 963.0 1850.0 1027.0 
person 0.360973924398 1837.0 958.0 1856.0 1012.0 
