person 0.980696499348 1491.0 958.0 1522.0 1046.0 
person 0.968856573105 2581.0 949.0 2607.0 1016.0 
person 0.948831498623 3577.0 948.0 3613.0 1077.0 
person 0.938999891281 1939.0 953.0 1963.0 1008.0 
person 0.93376994133 740.0 955.0 766.0 1039.0 
person 0.9083802104 721.0 951.0 746.0 1038.0 
person 0.878791987896 1254.0 951.0 1271.0 992.0 
person 0.862551212311 1116.0 955.0 1132.0 1001.0 
person 0.852837264538 907.0 1009.0 931.0 1098.0 
person 0.848310649395 907.0 982.0 939.0 1097.0 
person 0.843757212162 910.0 958.0 944.0 1075.0 
person 0.787864625454 461.0 947.0 477.0 998.0 
person 0.745216369629 1738.0 956.0 1779.0 1003.0 
