person 0.99255001545 829.0 962.0 867.0 1078.0 
person 0.991929650307 476.0 960.0 531.0 1076.0 
person 0.987576603889 2996.0 955.0 3065.0 1060.0 
person 0.981910765171 608.0 950.0 640.0 1060.0 
person 0.97672867775 2001.0 956.0 2027.0 1010.0 
person 0.974625229836 2561.0 951.0 2587.0 1013.0 
person 0.957514345646 1810.0 962.0 1836.0 1022.0 
person 0.939489006996 1147.0 953.0 1166.0 995.0 
person 0.932700455189 1843.0 966.0 1871.0 1039.0 
person 0.916519105434 1104.0 956.0 1132.0 1009.0 
person 0.776268780231 437.0 953.0 451.0 999.0 
person 0.492074370384 440.0 952.0 455.0 999.0 
