person 0.992673814297 476.0 961.0 530.0 1075.0 
person 0.992077410221 826.0 962.0 864.0 1080.0 
person 0.987184464931 2994.0 951.0 3061.0 1060.0 
person 0.981582641602 2559.0 951.0 2586.0 1013.0 
person 0.974982619286 606.0 952.0 640.0 1061.0 
person 0.973554253578 2002.0 955.0 2027.0 1010.0 
person 0.961668789387 1809.0 961.0 1834.0 1023.0 
person 0.945587575436 1145.0 954.0 1166.0 996.0 
person 0.940609037876 1102.0 957.0 1134.0 1009.0 
person 0.940594375134 1851.0 966.0 1879.0 1036.0 
person 0.7849214077 437.0 953.0 451.0 999.0 
person 0.36153319478 1857.0 967.0 1880.0 1022.0 
