person 0.994962453842 474.0 957.0 528.0 1075.0 
person 0.991270780563 820.0 961.0 860.0 1082.0 
person 0.981781005859 2558.0 952.0 2585.0 1013.0 
person 0.976527571678 2005.0 956.0 2028.0 1009.0 
person 0.969690799713 1808.0 960.0 1834.0 1023.0 
person 0.962757587433 1854.0 964.0 1890.0 1034.0 
person 0.959018886089 601.0 949.0 639.0 1061.0 
person 0.920739114285 2988.0 951.0 3045.0 1057.0 
person 0.917058587074 1139.0 952.0 1164.0 999.0 
person 0.859148383141 1099.0 963.0 1119.0 1013.0 
person 0.799588680267 437.0 953.0 450.0 999.0 
person 0.435830503702 440.0 952.0 454.0 999.0 
