person 0.994047403336 472.0 956.0 527.0 1075.0 
person 0.986244738102 814.0 960.0 857.0 1080.0 
person 0.985476672649 1855.0 960.0 1904.0 1039.0 
person 0.98377764225 595.0 949.0 639.0 1060.0 
person 0.977793872356 2558.0 951.0 2584.0 1013.0 
person 0.976240575314 2007.0 955.0 2028.0 1012.0 
person 0.971843838692 1807.0 958.0 1832.0 1022.0 
person 0.933813154697 1092.0 960.0 1120.0 1018.0 
person 0.926048159599 1139.0 953.0 1164.0 999.0 
person 0.865229249001 2978.0 950.0 3016.0 1063.0 
person 0.778383612633 438.0 952.0 450.0 998.0 
person 0.38675814867 441.0 952.0 454.0 998.0 
