person 0.993358552456 587.0 950.0 639.0 1061.0 
person 0.99188798666 470.0 958.0 527.0 1077.0 
person 0.991818189621 810.0 959.0 858.0 1079.0 
person 0.988165259361 1858.0 960.0 1915.0 1040.0 
person 0.980160415173 2008.0 955.0 2029.0 1011.0 
person 0.972378730774 1806.0 958.0 1831.0 1022.0 
person 0.971243858337 2559.0 952.0 2584.0 1014.0 
person 0.954185128212 1088.0 958.0 1118.0 1018.0 
person 0.951034247875 1136.0 952.0 1162.0 1000.0 
person 0.93705290556 2973.0 956.0 3013.0 1061.0 
person 0.751156508923 438.0 952.0 450.0 999.0 
person 0.597065806389 1954.0 894.0 1981.0 970.0 
