person 0.997270286083 794.0 962.0 854.0 1084.0 
person 0.996624469757 456.0 960.0 523.0 1079.0 
person 0.991922736168 578.0 947.0 633.0 1063.0 
person 0.970287501812 1803.0 955.0 1829.0 1018.0 
person 0.957148015499 2555.0 953.0 2583.0 1013.0 
person 0.955876529217 2958.0 975.0 3004.0 1060.0 
person 0.949863255024 2012.0 950.0 2031.0 1011.0 
person 0.940373957157 1081.0 953.0 1104.0 1015.0 
person 0.920962810516 1888.0 958.0 1937.0 1035.0 
person 0.864538550377 1132.0 954.0 1152.0 1000.0 
person 0.855701446533 432.0 951.0 448.0 999.0 
