person 0.997871279716 455.0 967.0 521.0 1079.0 
person 0.996907055378 569.0 952.0 630.0 1064.0 
person 0.993457376957 783.0 961.0 848.0 1081.0 
person 0.986238479614 2940.0 970.0 2994.0 1059.0 
person 0.97999048233 2556.0 951.0 2583.0 1013.0 
person 0.971584022045 1068.0 955.0 1099.0 1015.0 
person 0.965218961239 1803.0 954.0 1826.0 1018.0 
person 0.948952496052 2012.0 950.0 2033.0 1011.0 
person 0.892278671265 1127.0 958.0 1145.0 1002.0 
person 0.85991114378 432.0 951.0 447.0 997.0 
person 0.77240729332 1922.0 964.0 1943.0 1033.0 
person 0.471982598305 437.0 950.0 452.0 996.0 
person 0.423532187939 1914.0 965.0 1940.0 1032.0 
