person 0.998650491238 455.0 969.0 517.0 1081.0 
person 0.997247159481 567.0 954.0 628.0 1065.0 
person 0.987691700459 2929.0 974.0 2992.0 1056.0 
person 0.980559051037 1802.0 955.0 1825.0 1018.0 
person 0.976675033569 2554.0 953.0 2583.0 1015.0 
person 0.973943352699 779.0 963.0 827.0 1078.0 
person 0.967829585075 2014.0 952.0 2038.0 1009.0 
person 0.882351398468 1066.0 957.0 1088.0 1011.0 
person 0.869206249714 1124.0 955.0 1142.0 1003.0 
person 0.830367863178 432.0 951.0 448.0 998.0 
person 0.759371995926 1926.0 972.0 1950.0 1041.0 
person 0.538215219975 1067.0 959.0 1098.0 1013.0 
