person 0.99705851078 454.0 970.0 517.0 1080.0 
person 0.994581639767 566.0 957.0 627.0 1065.0 
person 0.986008942127 769.0 960.0 825.0 1082.0 
person 0.976869404316 2924.0 977.0 2981.0 1055.0 
person 0.974778234959 2014.0 952.0 2039.0 1008.0 
person 0.974692285061 1802.0 956.0 1825.0 1020.0 
person 0.972430229187 2554.0 953.0 2583.0 1015.0 
person 0.932541191578 1063.0 957.0 1085.0 1005.0 
person 0.924628913403 1932.0 965.0 1959.0 1040.0 
person 0.905985951424 1121.0 955.0 1137.0 1000.0 
person 0.833000779152 431.0 952.0 447.0 997.0 
person 0.559449136257 436.0 952.0 451.0 996.0 
