person 0.998112916946 454.0 968.0 517.0 1084.0 
person 0.992498576641 567.0 956.0 625.0 1066.0 
person 0.990100324154 758.0 962.0 816.0 1083.0 
person 0.989376068115 2554.0 952.0 2586.0 1017.0 
person 0.980910480022 2917.0 976.0 2970.0 1050.0 
person 0.979806125164 1935.0 959.0 1974.0 1041.0 
person 0.971418440342 2015.0 950.0 2041.0 1008.0 
person 0.969708204269 1800.0 957.0 1825.0 1021.0 
person 0.904745161533 1113.0 954.0 1133.0 997.0 
person 0.88185530901 430.0 951.0 447.0 999.0 
person 0.875268995762 1053.0 957.0 1073.0 1007.0 
