person 0.998147964478 452.0 971.0 520.0 1081.0 
person 0.994817197323 754.0 961.0 809.0 1080.0 
person 0.991018414497 2553.0 953.0 2587.0 1017.0 
person 0.990244209766 567.0 956.0 616.0 1064.0 
person 0.987738251686 1938.0 958.0 1990.0 1043.0 
person 0.966911494732 1798.0 957.0 1825.0 1019.0 
person 0.966599225998 2910.0 966.0 2958.0 1054.0 
person 0.965364038944 2015.0 950.0 2041.0 1008.0 
person 0.916815400124 1108.0 954.0 1134.0 999.0 
person 0.906772553921 1048.0 960.0 1075.0 1015.0 
person 0.858256518841 430.0 952.0 447.0 999.0 
