person 0.997870087624 451.0 969.0 521.0 1081.0 
person 0.995352983475 751.0 963.0 808.0 1085.0 
person 0.994202315807 567.0 955.0 615.0 1065.0 
person 0.988928198814 2554.0 955.0 2587.0 1018.0 
person 0.988485574722 1941.0 960.0 1994.0 1042.0 
person 0.964068949223 1797.0 957.0 1824.0 1017.0 
person 0.959834635258 2910.0 969.0 2953.0 1053.0 
person 0.958057880402 1108.0 954.0 1135.0 1001.0 
person 0.957119941711 2016.0 949.0 2041.0 1008.0 
person 0.951388537884 1045.0 961.0 1074.0 1017.0 
person 0.850620627403 430.0 952.0 447.0 999.0 
