person 0.996778666973 451.0 970.0 523.0 1080.0 
person 0.993377745152 748.0 962.0 805.0 1084.0 
person 0.989720642567 566.0 953.0 612.0 1064.0 
person 0.980938911438 2552.0 956.0 2587.0 1018.0 
person 0.97850227356 1945.0 963.0 2009.0 1042.0 
person 0.954767167568 1796.0 959.0 1823.0 1017.0 
person 0.953707695007 1043.0 959.0 1072.0 1016.0 
person 0.951191484928 1106.0 953.0 1133.0 999.0 
person 0.946437120438 2015.0 949.0 2040.0 1008.0 
person 0.94609105587 2908.0 970.0 2944.0 1051.0 
person 0.866869986057 429.0 952.0 447.0 999.0 
