person 0.995775878429 450.0 969.0 525.0 1086.0 
person 0.995388090611 748.0 958.0 804.0 1086.0 
person 0.984555184841 566.0 953.0 611.0 1065.0 
person 0.978007137775 1948.0 964.0 2015.0 1041.0 
person 0.975327432156 2552.0 957.0 2587.0 1018.0 
person 0.963068425655 1040.0 959.0 1070.0 1019.0 
person 0.957127928734 1104.0 954.0 1130.0 1001.0 
person 0.946982204914 2015.0 949.0 2040.0 1009.0 
person 0.940740048885 1796.0 959.0 1824.0 1016.0 
person 0.882016897202 429.0 952.0 447.0 999.0 
person 0.726884305477 2901.0 967.0 2936.0 1052.0 
