person 0.977279305458 1490.0 959.0 1520.0 1044.0 
person 0.972002804279 2581.0 949.0 2606.0 1015.0 
person 0.939278185368 1939.0 953.0 1963.0 1008.0 
person 0.937846124172 742.0 955.0 767.0 1039.0 
person 0.928673148155 720.0 950.0 748.0 1039.0 
person 0.924955368042 3570.0 948.0 3611.0 1076.0 
person 0.889917194843 1719.0 955.0 1774.0 1002.0 
person 0.874196410179 908.0 979.0 939.0 1098.0 
person 0.870293557644 1256.0 952.0 1272.0 993.0 
person 0.863254666328 1116.0 956.0 1132.0 1001.0 
person 0.806891381741 907.0 1008.0 932.0 1098.0 
person 0.781506717205 912.0 959.0 944.0 1070.0 
person 0.774566650391 461.0 947.0 477.0 998.0 
person 0.637767076492 1251.0 955.0 1268.0 994.0 
