person 0.997206866741 452.0 970.0 529.0 1084.0 
person 0.996067881584 746.0 959.0 797.0 1087.0 
person 0.983169078827 566.0 949.0 610.0 1066.0 
person 0.97395247221 2554.0 957.0 2588.0 1017.0 
person 0.962670624256 1100.0 957.0 1129.0 1001.0 
person 0.957120478153 1794.0 959.0 1820.0 1016.0 
person 0.925477564335 2015.0 953.0 2041.0 1011.0 
person 0.9171205163 2882.0 952.0 2928.0 1049.0 
person 0.889955103397 429.0 951.0 447.0 999.0 
person 0.859481155872 1984.0 964.0 2010.0 1024.0 
person 0.847091078758 1036.0 957.0 1058.0 1018.0 
person 0.566561043262 1985.0 965.0 2020.0 1035.0 
