person 0.998111128807 456.0 965.0 535.0 1084.0 
person 0.99656111002 735.0 958.0 791.0 1086.0 
person 0.981371760368 565.0 944.0 609.0 1067.0 
person 0.974137425423 2555.0 958.0 2587.0 1016.0 
person 0.970174193382 2870.0 953.0 2920.0 1054.0 
person 0.959039390087 1096.0 955.0 1119.0 1003.0 
person 0.94268488884 1793.0 959.0 1821.0 1017.0 
person 0.937305629253 1026.0 956.0 1055.0 1017.0 
person 0.869259774685 429.0 952.0 447.0 999.0 
person 0.825825154781 2019.0 954.0 2041.0 1009.0 
person 0.808683037758 1990.0 964.0 2025.0 1036.0 
person 0.778614759445 1996.0 966.0 2022.0 1026.0 
person 0.516874670982 433.0 953.0 450.0 997.0 
person 0.335542470217 2013.0 955.0 2036.0 1012.0 
