person 0.996141016483 477.0 955.0 544.0 1085.0 
person 0.992526650429 721.0 966.0 777.0 1087.0 
person 0.989197909832 565.0 943.0 610.0 1066.0 
person 0.966759085655 1790.0 958.0 1816.0 1018.0 
person 0.965416252613 2552.0 958.0 2585.0 1018.0 
person 0.963624417782 1013.0 957.0 1046.0 1016.0 
person 0.9537525177 2853.0 957.0 2899.0 1046.0 
person 0.933413565159 1089.0 956.0 1108.0 1004.0 
person 0.88471698761 428.0 950.0 446.0 999.0 
person 0.767797410488 2020.0 957.0 2049.0 1041.0 
person 0.55035763979 2024.0 955.0 2043.0 1000.0 
person 0.44357407093 433.0 951.0 449.0 997.0 
