person 0.981055021286 1490.0 959.0 1520.0 1044.0 
person 0.972097694874 2581.0 949.0 2606.0 1015.0 
person 0.939090073109 1939.0 954.0 1963.0 1008.0 
person 0.938816905022 742.0 955.0 767.0 1039.0 
person 0.93650919199 3570.0 949.0 3611.0 1075.0 
person 0.929225802422 720.0 950.0 748.0 1038.0 
person 0.887154102325 1719.0 955.0 1774.0 1002.0 
person 0.870852172375 908.0 978.0 939.0 1098.0 
person 0.870519399643 1256.0 952.0 1272.0 993.0 
person 0.852494120598 1116.0 956.0 1132.0 1001.0 
person 0.800155580044 907.0 1008.0 932.0 1098.0 
person 0.774863839149 912.0 959.0 944.0 1069.0 
person 0.77428907156 461.0 947.0 477.0 998.0 
person 0.639016389847 1251.0 955.0 1268.0 994.0 
person 0.474231123924 1120.0 956.0 1135.0 1001.0 
