person 0.995600104332 481.0 953.0 546.0 1085.0 
person 0.994576215744 715.0 970.0 770.0 1086.0 
person 0.987769305706 565.0 944.0 610.0 1066.0 
person 0.973482549191 1009.0 955.0 1046.0 1015.0 
person 0.964361429214 1789.0 957.0 1814.0 1014.0 
person 0.963981330395 2844.0 949.0 2895.0 1046.0 
person 0.954408466816 1087.0 955.0 1106.0 1004.0 
person 0.948747694492 2549.0 957.0 2583.0 1018.0 
person 0.946835339069 2021.0 955.0 2055.0 1039.0 
person 0.809325695038 429.0 950.0 447.0 997.0 
person 0.376445800066 2023.0 956.0 2050.0 1013.0 
