person 0.995197832584 715.0 970.0 766.0 1087.0 
person 0.990380525589 485.0 954.0 550.0 1085.0 
person 0.986836671829 562.0 943.0 607.0 1066.0 
person 0.985208272934 2024.0 955.0 2069.0 1041.0 
person 0.98204189539 2843.0 955.0 2881.0 1042.0 
person 0.972251355648 1786.0 956.0 1811.0 1013.0 
person 0.954557001591 1004.0 956.0 1045.0 1015.0 
person 0.954352855682 1086.0 953.0 1103.0 999.0 
person 0.953070998192 2549.0 956.0 2581.0 1019.0 
person 0.822091281414 428.0 952.0 444.0 1000.0 
person 0.467385292053 433.0 950.0 449.0 997.0 
