person 0.993466556072 713.0 969.0 764.0 1088.0 
person 0.989167094231 487.0 954.0 552.0 1086.0 
person 0.986859083176 563.0 945.0 608.0 1064.0 
person 0.978394210339 2843.0 956.0 2878.0 1044.0 
person 0.968952894211 1786.0 956.0 1810.0 1013.0 
person 0.965340018272 2025.0 957.0 2072.0 1041.0 
person 0.955404162407 2548.0 957.0 2580.0 1019.0 
person 0.9402577281 1001.0 957.0 1043.0 1017.0 
person 0.937663555145 1086.0 954.0 1104.0 999.0 
person 0.817511796951 428.0 951.0 444.0 1000.0 
person 0.6767359972 2022.0 951.0 2047.0 1030.0 
person 0.460739791393 432.0 949.0 449.0 996.0 
