person 0.993604958057 712.0 970.0 764.0 1089.0 
person 0.990922510624 491.0 953.0 554.0 1086.0 
person 0.985571026802 563.0 946.0 608.0 1064.0 
person 0.974548697472 2840.0 957.0 2876.0 1044.0 
person 0.965950191021 2025.0 955.0 2075.0 1043.0 
person 0.96521794796 1786.0 955.0 1810.0 1012.0 
person 0.950536251068 2547.0 957.0 2580.0 1020.0 
person 0.934269547462 1084.0 953.0 1103.0 999.0 
person 0.882582783699 1004.0 958.0 1040.0 1011.0 
person 0.804920613766 428.0 951.0 445.0 999.0 
person 0.713087260723 2024.0 949.0 2047.0 1012.0 
person 0.444871097803 432.0 949.0 449.0 996.0 
person 0.320081502199 1012.0 958.0 1036.0 1005.0 
