person 0.995645046234 502.0 954.0 559.0 1087.0 
person 0.994684875011 706.0 969.0 759.0 1092.0 
person 0.9802287817 561.0 948.0 607.0 1066.0 
person 0.974954605103 2543.0 955.0 2576.0 1022.0 
person 0.96867609024 2029.0 964.0 2094.0 1043.0 
person 0.967201709747 1783.0 954.0 1808.0 1011.0 
person 0.951797068119 2830.0 956.0 2863.0 1043.0 
person 0.947436451912 1078.0 952.0 1103.0 1000.0 
person 0.938336789608 2024.0 951.0 2045.0 1010.0 
person 0.902142107487 995.0 960.0 1023.0 1021.0 
person 0.809819638729 428.0 948.0 446.0 996.0 
person 0.64165186882 1955.0 897.0 1983.0 970.0 
