person 0.99575483799 502.0 954.0 559.0 1087.0 
person 0.99450725317 705.0 969.0 758.0 1092.0 
person 0.980457246304 561.0 947.0 608.0 1066.0 
person 0.975585281849 2543.0 955.0 2576.0 1021.0 
person 0.967315137386 2029.0 963.0 2094.0 1043.0 
person 0.966792345047 1783.0 954.0 1808.0 1011.0 
person 0.950198590755 2830.0 956.0 2864.0 1043.0 
person 0.944154500961 1078.0 952.0 1103.0 1000.0 
person 0.937771260738 2024.0 951.0 2045.0 1010.0 
person 0.915728509426 995.0 961.0 1024.0 1021.0 
person 0.802391111851 428.0 948.0 446.0 996.0 
person 0.64229285717 1955.0 897.0 1983.0 970.0 
