person 0.997416615486 506.0 956.0 560.0 1087.0 
person 0.993577837944 701.0 965.0 754.0 1093.0 
person 0.982902765274 2542.0 958.0 2573.0 1021.0 
person 0.977564930916 562.0 949.0 606.0 1066.0 
person 0.969956338406 1782.0 955.0 1807.0 1011.0 
person 0.966777801514 2823.0 962.0 2862.0 1045.0 
person 0.950135111809 1074.0 953.0 1099.0 1001.0 
person 0.942530691624 2025.0 952.0 2045.0 1010.0 
person 0.919345319271 991.0 964.0 1025.0 1022.0 
person 0.830691635609 2062.0 962.0 2101.0 1041.0 
person 0.756608486176 428.0 948.0 446.0 997.0 
person 0.619840085506 1955.0 897.0 1982.0 970.0 
person 0.394890099764 2053.0 965.0 2091.0 1029.0 
