person 0.992250263691 3590.0 959.0 3645.0 1079.0 
person 0.97825306654 1493.0 958.0 1522.0 1048.0 
person 0.96450561285 2582.0 950.0 2610.0 1014.0 
person 0.957678318024 907.0 957.0 938.0 1095.0 
person 0.954275906086 1938.0 954.0 1958.0 1007.0 
person 0.926712095737 710.0 955.0 745.0 1040.0 
person 0.913124263287 1766.0 957.0 1787.0 1000.0 
person 0.904418468475 1250.0 952.0 1266.0 994.0 
person 0.87818467617 1114.0 953.0 1129.0 1001.0 
person 0.819230377674 737.0 953.0 761.0 1039.0 
person 0.745582282543 463.0 946.0 477.0 997.0 
person 0.632024407387 906.0 993.0 929.0 1098.0 
