person 0.995862960815 512.0 963.0 568.0 1091.0 
person 0.993632912636 696.0 966.0 751.0 1092.0 
person 0.986880540848 2810.0 959.0 2859.0 1046.0 
person 0.985201120377 2542.0 957.0 2568.0 1022.0 
person 0.972568452358 1068.0 953.0 1095.0 1003.0 
person 0.96790599823 2025.0 952.0 2046.0 1010.0 
person 0.966967225075 1780.0 955.0 1804.0 1013.0 
person 0.960688173771 564.0 948.0 606.0 1069.0 
person 0.944644451141 988.0 962.0 1011.0 1022.0 
person 0.888835012913 2057.0 962.0 2105.0 1040.0 
person 0.843724191189 2075.0 961.0 2107.0 1044.0 
person 0.828674077988 427.0 950.0 444.0 999.0 
