person 0.998587369919 515.0 966.0 591.0 1091.0 
person 0.995761930943 683.0 966.0 745.0 1097.0 
person 0.984716773033 2789.0 953.0 2843.0 1042.0 
person 0.983550190926 2539.0 955.0 2564.0 1022.0 
person 0.980592370033 2026.0 952.0 2047.0 1012.0 
person 0.96325814724 2095.0 959.0 2123.0 1043.0 
person 0.962439715862 1777.0 954.0 1802.0 1012.0 
person 0.921737670898 975.0 959.0 1002.0 1023.0 
person 0.904165029526 1062.0 959.0 1080.0 1002.0 
person 0.860533833504 569.0 947.0 606.0 1066.0 
person 0.786608397961 426.0 950.0 442.0 999.0 
