person 0.998570561409 515.0 968.0 593.0 1090.0 
person 0.995401620865 683.0 966.0 745.0 1098.0 
person 0.980453133583 2026.0 952.0 2047.0 1012.0 
person 0.977208256721 2538.0 955.0 2562.0 1022.0 
person 0.97422939539 2786.0 953.0 2843.0 1042.0 
person 0.967590272427 2096.0 959.0 2126.0 1043.0 
person 0.960204780102 1777.0 954.0 1801.0 1013.0 
person 0.927053749561 972.0 959.0 1001.0 1024.0 
person 0.895454227924 1062.0 960.0 1080.0 1004.0 
person 0.857744216919 571.0 947.0 607.0 1063.0 
person 0.782018184662 426.0 950.0 442.0 999.0 
