person 0.998355686665 515.0 967.0 596.0 1090.0 
person 0.994692981243 680.0 966.0 743.0 1099.0 
person 0.980406701565 2536.0 953.0 2562.0 1023.0 
person 0.979724884033 2026.0 952.0 2047.0 1012.0 
person 0.976721167564 2099.0 958.0 2131.0 1049.0 
person 0.958746731281 968.0 957.0 999.0 1024.0 
person 0.953207015991 1777.0 955.0 1801.0 1012.0 
person 0.905796170235 1061.0 959.0 1080.0 1005.0 
person 0.859342038631 571.0 947.0 608.0 1061.0 
person 0.78672683239 2787.0 974.0 2842.0 1040.0 
person 0.683081448078 427.0 948.0 444.0 998.0 
