person 0.997918784618 514.0 967.0 601.0 1092.0 
person 0.997472345829 674.0 969.0 742.0 1103.0 
person 0.983345746994 2106.0 959.0 2143.0 1046.0 
person 0.980637669563 2026.0 952.0 2048.0 1013.0 
person 0.979334115982 1773.0 955.0 1801.0 1013.0 
person 0.962208092213 2531.0 955.0 2561.0 1024.0 
person 0.947539508343 1055.0 958.0 1074.0 1004.0 
person 0.939856648445 966.0 957.0 998.0 1023.0 
person 0.930692434311 2783.0 961.0 2830.0 1044.0 
person 0.802673876286 426.0 951.0 441.0 999.0 
person 0.752268314362 575.0 949.0 608.0 1063.0 
