person 0.998394906521 673.0 970.0 740.0 1105.0 
person 0.997043550014 514.0 963.0 607.0 1094.0 
person 0.996847569942 2110.0 957.0 2157.0 1046.0 
person 0.986228942871 1771.0 957.0 1800.0 1012.0 
person 0.980819165707 2026.0 952.0 2048.0 1013.0 
person 0.975774109364 2528.0 955.0 2560.0 1024.0 
person 0.960531055927 2774.0 958.0 2816.0 1042.0 
person 0.942479431629 961.0 956.0 995.0 1021.0 
person 0.895678222179 1053.0 960.0 1070.0 1002.0 
person 0.795935869217 421.0 952.0 437.0 997.0 
person 0.749137580395 425.0 951.0 440.0 1000.0 
person 0.58804166317 582.0 948.0 608.0 1058.0 
