person 0.99801337719 673.0 971.0 738.0 1104.0 
person 0.993264555931 519.0 964.0 610.0 1094.0 
person 0.987488389015 2113.0 960.0 2170.0 1045.0 
person 0.986633419991 1768.0 961.0 1801.0 1014.0 
person 0.981995046139 2026.0 952.0 2048.0 1013.0 
person 0.974892854691 2526.0 957.0 2556.0 1026.0 
person 0.964274346828 2758.0 955.0 2803.0 1042.0 
person 0.92612439394 1048.0 957.0 1069.0 1002.0 
person 0.883410274982 956.0 955.0 994.0 1021.0 
person 0.804244458675 425.0 951.0 440.0 999.0 
person 0.476247608662 582.0 953.0 609.0 1046.0 
person 0.377149969339 577.0 957.0 613.0 1072.0 
