person 0.99790763855 677.0 971.0 738.0 1103.0 
person 0.996649563313 522.0 964.0 610.0 1089.0 
person 0.984344005585 1768.0 961.0 1802.0 1015.0 
person 0.984069526196 2121.0 963.0 2180.0 1044.0 
person 0.981019198895 2026.0 951.0 2049.0 1014.0 
person 0.979181885719 2527.0 956.0 2554.0 1025.0 
person 0.96181499958 2756.0 954.0 2795.0 1041.0 
person 0.952551305294 1045.0 957.0 1070.0 1002.0 
person 0.850948870182 424.0 952.0 440.0 999.0 
person 0.734671831131 956.0 957.0 991.0 1019.0 
person 0.310994505882 2761.0 956.0 2789.0 1025.0 
