person 0.997647583485 677.0 969.0 738.0 1105.0 
person 0.997370362282 531.0 958.0 611.0 1091.0 
person 0.979851663113 2026.0 951.0 2049.0 1014.0 
person 0.978771388531 1766.0 961.0 1801.0 1014.0 
person 0.974837243557 2127.0 963.0 2189.0 1045.0 
person 0.972914755344 2527.0 958.0 2551.0 1023.0 
person 0.962296962738 2751.0 955.0 2791.0 1040.0 
person 0.957033991814 1040.0 957.0 1068.0 1003.0 
person 0.917296230793 951.0 962.0 981.0 1021.0 
person 0.6666264534 421.0 954.0 436.0 997.0 
person 0.543268918991 2137.0 964.0 2179.0 1033.0 
person 0.448117941618 425.0 952.0 440.0 997.0 
