person 0.998373985291 678.0 967.0 738.0 1107.0 
person 0.997765421867 540.0 957.0 612.0 1090.0 
person 0.992063343525 2743.0 953.0 2792.0 1043.0 
person 0.98731136322 2523.0 957.0 2550.0 1025.0 
person 0.985777437687 2145.0 967.0 2194.0 1043.0 
person 0.983924746513 1037.0 954.0 1067.0 1003.0 
person 0.976019799709 1765.0 962.0 1800.0 1015.0 
person 0.974281072617 2027.0 951.0 2050.0 1014.0 
person 0.967239618301 948.0 959.0 979.0 1024.0 
person 0.709457218647 421.0 953.0 435.0 997.0 
person 0.413901716471 425.0 952.0 440.0 997.0 
