person 0.997266292572 680.0 964.0 737.0 1117.0 
person 0.995007276535 2721.0 956.0 2780.0 1042.0 
person 0.993694841862 569.0 951.0 621.0 1090.0 
person 0.984885334969 2173.0 965.0 2207.0 1047.0 
person 0.980016589165 2027.0 950.0 2049.0 1014.0 
person 0.978437900543 2515.0 960.0 2551.0 1027.0 
person 0.97249931097 1031.0 958.0 1060.0 1004.0 
person 0.962362170219 1758.0 961.0 1787.0 1014.0 
person 0.953419029713 940.0 956.0 963.0 1024.0 
person 0.573044419289 421.0 954.0 435.0 996.0 
person 0.330356121063 424.0 952.0 439.0 995.0 
