person 0.99022758007 3562.0 950.0 3611.0 1076.0 
person 0.97552639246 1487.0 958.0 1520.0 1043.0 
person 0.97293484211 2580.0 949.0 2606.0 1015.0 
person 0.96130412817 906.0 962.0 942.0 1098.0 
person 0.941703677177 721.0 950.0 747.0 1038.0 
person 0.937123417854 1938.0 953.0 1963.0 1008.0 
person 0.937121868134 742.0 954.0 767.0 1039.0 
person 0.924960494041 1255.0 954.0 1273.0 993.0 
person 0.917159318924 1729.0 958.0 1772.0 1005.0 
person 0.845749020576 1116.0 957.0 1132.0 1001.0 
person 0.761519253254 461.0 947.0 477.0 998.0 
person 0.544900596142 1260.0 951.0 1277.0 992.0 
person 0.542421042919 906.0 1003.0 933.0 1100.0 
person 0.444318860769 1120.0 956.0 1136.0 1002.0 
