person 0.994804918766 679.0 968.0 740.0 1124.0 
person 0.986953556538 576.0 951.0 634.0 1087.0 
person 0.984231948853 2497.0 960.0 2539.0 1034.0 
person 0.981822609901 2027.0 950.0 2049.0 1015.0 
person 0.957647144794 2194.0 958.0 2228.0 1045.0 
person 0.950597524643 922.0 959.0 957.0 1026.0 
person 0.9359998703 1024.0 958.0 1045.0 1006.0 
person 0.921182334423 1736.0 956.0 1778.0 1013.0 
person 0.881370723248 2709.0 960.0 2739.0 1044.0 
person 0.696356296539 420.0 955.0 434.0 999.0 
person 0.319088369608 423.0 953.0 439.0 998.0 
