person 0.997065007687 675.0 972.0 739.0 1126.0 
person 0.981846749783 2027.0 949.0 2049.0 1014.0 
person 0.980575680733 592.0 952.0 643.0 1086.0 
person 0.975528299809 2494.0 960.0 2537.0 1035.0 
person 0.956252574921 2688.0 964.0 2725.0 1046.0 
person 0.949270367622 914.0 957.0 948.0 1023.0 
person 0.934005916119 2219.0 960.0 2241.0 1026.0 
person 0.92591547966 1738.0 963.0 1768.0 1010.0 
person 0.918893277645 1015.0 957.0 1036.0 1003.0 
person 0.814981758595 418.0 953.0 434.0 999.0 
person 0.782911539078 577.0 959.0 609.0 1067.0 
