person 0.996619343758 674.0 972.0 738.0 1127.0 
person 0.994817078114 2678.0 960.0 2726.0 1047.0 
person 0.982199132442 2027.0 950.0 2049.0 1014.0 
person 0.981484413147 2495.0 960.0 2537.0 1036.0 
person 0.97738558054 597.0 958.0 651.0 1085.0 
person 0.963220894337 911.0 956.0 942.0 1023.0 
person 0.958978533745 1011.0 957.0 1037.0 1006.0 
person 0.94962310791 1735.0 962.0 1764.0 1016.0 
person 0.898187696934 2214.0 961.0 2262.0 1047.0 
person 0.883230984211 579.0 958.0 608.0 1066.0 
person 0.849058330059 418.0 953.0 434.0 998.0 
person 0.732453048229 2224.0 961.0 2253.0 1029.0 
