person 0.99039465189 3561.0 950.0 3612.0 1077.0 
person 0.97836792469 906.0 963.0 942.0 1099.0 
person 0.974549353123 1487.0 960.0 1520.0 1043.0 
person 0.973356127739 2580.0 949.0 2606.0 1015.0 
person 0.947711229324 721.0 950.0 747.0 1038.0 
person 0.940532565117 1723.0 956.0 1770.0 1004.0 
person 0.938719034195 744.0 955.0 768.0 1039.0 
person 0.937977135181 1255.0 954.0 1274.0 993.0 
person 0.936790525913 1938.0 953.0 1963.0 1009.0 
person 0.86206382513 1116.0 957.0 1132.0 1001.0 
person 0.758498489857 461.0 947.0 477.0 997.0 
person 0.475198984146 1261.0 952.0 1277.0 991.0 
person 0.460686832666 1120.0 956.0 1136.0 1002.0 
