person 0.99625980854 672.0 972.0 737.0 1131.0 
person 0.995222985744 2671.0 961.0 2722.0 1049.0 
person 0.982793450356 2027.0 950.0 2049.0 1015.0 
person 0.98184043169 600.0 957.0 656.0 1086.0 
person 0.976822197437 2498.0 961.0 2537.0 1036.0 
person 0.967838525772 910.0 959.0 938.0 1021.0 
person 0.963377773762 1008.0 957.0 1036.0 1005.0 
person 0.957664549351 1734.0 961.0 1761.0 1015.0 
person 0.89066773653 580.0 956.0 609.0 1065.0 
person 0.874464690685 417.0 952.0 434.0 998.0 
person 0.804936051369 2220.0 964.0 2266.0 1051.0 
person 0.37095078826 2231.0 965.0 2259.0 1042.0 
person 0.37078884244 590.0 958.0 617.0 1066.0 
