person 0.997429430485 665.0 971.0 738.0 1144.0 
person 0.991087853909 603.0 956.0 664.0 1084.0 
person 0.98843806982 2649.0 958.0 2713.0 1047.0 
person 0.982359230518 2027.0 950.0 2049.0 1015.0 
person 0.973546922207 905.0 958.0 931.0 1025.0 
person 0.971443712711 2233.0 963.0 2269.0 1050.0 
person 0.967711806297 2496.0 961.0 2537.0 1041.0 
person 0.963757395744 1005.0 954.0 1031.0 1004.0 
person 0.959113478661 1730.0 959.0 1755.0 1014.0 
person 0.901255071163 581.0 960.0 610.0 1063.0 
person 0.890965044498 417.0 952.0 434.0 998.0 
