person 0.997520744801 664.0 969.0 739.0 1151.0 
person 0.987961828709 606.0 957.0 662.0 1082.0 
person 0.982166469097 2644.0 959.0 2700.0 1050.0 
person 0.982062876225 2027.0 950.0 2049.0 1015.0 
person 0.981036186218 1726.0 958.0 1754.0 1015.0 
person 0.98055011034 2496.0 963.0 2537.0 1044.0 
person 0.971093416214 2243.0 962.0 2272.0 1049.0 
person 0.967800557613 901.0 958.0 926.0 1026.0 
person 0.95561081171 579.0 953.0 613.0 1064.0 
person 0.91646361351 1002.0 958.0 1024.0 1005.0 
person 0.836322665215 417.0 952.0 433.0 998.0 
person 0.311461359262 421.0 950.0 436.0 998.0 
