person 0.997243404388 662.0 970.0 740.0 1152.0 
person 0.986024022102 2642.0 960.0 2698.0 1050.0 
person 0.982335627079 2027.0 950.0 2049.0 1015.0 
person 0.981795847416 2495.0 964.0 2537.0 1045.0 
person 0.979011952877 608.0 958.0 663.0 1081.0 
person 0.974213182926 1723.0 959.0 1753.0 1016.0 
person 0.973921537399 2246.0 960.0 2272.0 1050.0 
person 0.967349231243 579.0 950.0 614.0 1064.0 
person 0.96729183197 898.0 957.0 923.0 1025.0 
person 0.925622165203 1001.0 958.0 1022.0 1006.0 
person 0.865015029907 417.0 952.0 433.0 998.0 
person 0.317221611738 421.0 950.0 436.0 996.0 
