person 0.996927320957 662.0 970.0 741.0 1153.0 
person 0.983684897423 2026.0 950.0 2049.0 1014.0 
person 0.981233894825 1720.0 960.0 1750.0 1015.0 
person 0.973304092884 2495.0 965.0 2539.0 1041.0 
person 0.971851706505 896.0 958.0 921.0 1028.0 
person 0.971634328365 2253.0 960.0 2280.0 1048.0 
person 0.971288084984 609.0 958.0 665.0 1081.0 
person 0.967531919479 579.0 949.0 616.0 1065.0 
person 0.961353361607 2639.0 962.0 2694.0 1051.0 
person 0.926969945431 999.0 960.0 1020.0 1004.0 
person 0.868289113045 417.0 952.0 433.0 998.0 
person 0.348948985338 421.0 951.0 436.0 997.0 
