person 0.998001873493 661.0 972.0 741.0 1157.0 
person 0.983713626862 1717.0 959.0 1749.0 1015.0 
person 0.983111023903 2026.0 950.0 2049.0 1014.0 
person 0.976263463497 2640.0 962.0 2687.0 1050.0 
person 0.973970115185 894.0 958.0 920.0 1027.0 
person 0.971035957336 2496.0 966.0 2539.0 1043.0 
person 0.970543444157 2256.0 957.0 2281.0 1047.0 
person 0.968504726887 610.0 957.0 662.0 1079.0 
person 0.962365627289 579.0 948.0 616.0 1066.0 
person 0.928069412708 999.0 960.0 1020.0 1005.0 
person 0.855424642563 416.0 952.0 432.0 998.0 
person 0.353638231754 420.0 951.0 436.0 996.0 
