person 0.992770016193 3560.0 951.0 3612.0 1076.0 
person 0.978167414665 906.0 963.0 943.0 1098.0 
person 0.970809996128 2580.0 949.0 2606.0 1015.0 
person 0.966924011707 1486.0 959.0 1520.0 1043.0 
person 0.945270895958 721.0 950.0 747.0 1038.0 
person 0.940855801105 744.0 954.0 768.0 1039.0 
person 0.937227070332 1938.0 953.0 1962.0 1008.0 
person 0.936118364334 1255.0 954.0 1274.0 993.0 
person 0.921691060066 1723.0 955.0 1770.0 1005.0 
person 0.857793688774 1116.0 957.0 1132.0 1001.0 
person 0.782395541668 461.0 947.0 477.0 997.0 
person 0.48939293623 1261.0 952.0 1277.0 992.0 
person 0.44503608346 1120.0 956.0 1136.0 1002.0 
