person 0.997878670692 661.0 972.0 742.0 1162.0 
person 0.983407199383 2027.0 950.0 2049.0 1014.0 
person 0.981391429901 2643.0 960.0 2685.0 1050.0 
person 0.980057358742 2495.0 967.0 2539.0 1042.0 
person 0.973109841347 613.0 956.0 671.0 1080.0 
person 0.972097098827 1715.0 962.0 1747.0 1014.0 
person 0.971290111542 894.0 958.0 919.0 1028.0 
person 0.968012332916 2253.0 958.0 2284.0 1051.0 
person 0.954127311707 579.0 948.0 616.0 1067.0 
person 0.916406869888 999.0 961.0 1019.0 1005.0 
person 0.853539228439 416.0 952.0 433.0 998.0 
person 0.353100806475 420.0 951.0 436.0 996.0 
