person 0.995194733143 658.0 974.0 741.0 1164.0 
person 0.984596669674 2495.0 970.0 2540.0 1045.0 
person 0.983250796795 2639.0 964.0 2680.0 1052.0 
person 0.982772409916 2026.0 950.0 2049.0 1014.0 
person 0.978561520576 2254.0 958.0 2290.0 1052.0 
person 0.970527946949 615.0 957.0 663.0 1078.0 
person 0.95880651474 892.0 958.0 916.0 1026.0 
person 0.955708265305 578.0 950.0 616.0 1068.0 
person 0.935092031956 1715.0 964.0 1741.0 1013.0 
person 0.930199503899 997.0 961.0 1016.0 1004.0 
person 0.847772240639 417.0 952.0 432.0 998.0 
