person 0.995083212852 657.0 974.0 742.0 1166.0 
person 0.989406645298 2257.0 957.0 2293.0 1051.0 
person 0.986786186695 2494.0 968.0 2542.0 1047.0 
person 0.984019517899 2026.0 950.0 2049.0 1014.0 
person 0.981954872608 2636.0 962.0 2678.0 1052.0 
person 0.967826068401 615.0 957.0 666.0 1079.0 
person 0.956030011177 578.0 949.0 617.0 1068.0 
person 0.951485335827 1713.0 964.0 1738.0 1014.0 
person 0.949835300446 891.0 956.0 916.0 1026.0 
person 0.925907611847 996.0 961.0 1015.0 1005.0 
person 0.852744936943 416.0 953.0 430.0 999.0 
person 0.658164322376 419.0 953.0 435.0 998.0 
person 0.525115609169 1721.0 967.0 1743.0 1012.0 
