person 0.997034788132 667.0 972.0 743.0 1166.0 
person 0.994159698486 2271.0 959.0 2323.0 1052.0 
person 0.990605294704 2493.0 973.0 2551.0 1045.0 
person 0.987167537212 2624.0 958.0 2661.0 1050.0 
person 0.9833086133 2026.0 950.0 2049.0 1015.0 
person 0.977236747742 620.0 957.0 672.0 1080.0 
person 0.972244918346 879.0 952.0 912.0 1029.0 
person 0.958621919155 1706.0 966.0 1729.0 1016.0 
person 0.955098569393 573.0 948.0 618.0 1067.0 
person 0.92808419466 989.0 960.0 1009.0 1004.0 
person 0.854961156845 416.0 951.0 430.0 999.0 
