person 0.997645676136 670.0 971.0 743.0 1165.0 
person 0.994451105595 2274.0 960.0 2327.0 1052.0 
person 0.993256211281 2612.0 958.0 2658.0 1051.0 
person 0.988710582256 2496.0 969.0 2552.0 1048.0 
person 0.985793173313 620.0 955.0 672.0 1082.0 
person 0.983800470829 2026.0 950.0 2049.0 1015.0 
person 0.962545156479 879.0 955.0 910.0 1027.0 
person 0.960638999939 573.0 948.0 618.0 1066.0 
person 0.958840966225 1704.0 966.0 1727.0 1019.0 
person 0.94409096241 986.0 960.0 1009.0 1006.0 
person 0.866742491722 415.0 951.0 430.0 1000.0 
person 0.395039230585 419.0 952.0 433.0 996.0 
