person 0.995990693569 669.0 966.0 743.0 1171.0 
person 0.993080914021 2605.0 956.0 2654.0 1056.0 
person 0.989033937454 2279.0 961.0 2328.0 1050.0 
person 0.988564789295 2499.0 968.0 2555.0 1050.0 
person 0.986029326916 621.0 956.0 671.0 1082.0 
person 0.984290063381 2026.0 951.0 2049.0 1015.0 
person 0.967249751091 875.0 955.0 907.0 1028.0 
person 0.963545978069 573.0 949.0 617.0 1066.0 
person 0.959785103798 983.0 960.0 1009.0 1006.0 
person 0.957392275333 1699.0 967.0 1724.0 1021.0 
person 0.884489953518 414.0 951.0 430.0 999.0 
person 0.457475155592 418.0 952.0 433.0 996.0 
