person 0.996906101704 669.0 965.0 743.0 1174.0 
person 0.994840800762 2602.0 956.0 2652.0 1057.0 
person 0.989303350449 2501.0 967.0 2558.0 1051.0 
person 0.987567424774 2280.0 962.0 2328.0 1049.0 
person 0.984150886536 2026.0 950.0 2049.0 1015.0 
person 0.982284128666 621.0 955.0 672.0 1082.0 
person 0.969338834286 875.0 957.0 906.0 1026.0 
person 0.969234466553 1697.0 967.0 1723.0 1020.0 
person 0.964485406876 573.0 949.0 617.0 1066.0 
person 0.959633350372 981.0 961.0 1010.0 1007.0 
person 0.877590000629 414.0 950.0 430.0 1000.0 
person 0.485606312752 418.0 951.0 432.0 996.0 
