person 0.990179300308 3558.0 950.0 3610.0 1077.0 
person 0.972739994526 906.0 962.0 943.0 1099.0 
person 0.970888674259 2580.0 949.0 2606.0 1015.0 
person 0.967790782452 1485.0 964.0 1518.0 1043.0 
person 0.955617904663 721.0 951.0 747.0 1037.0 
person 0.948937892914 743.0 956.0 768.0 1038.0 
person 0.939172208309 1256.0 954.0 1275.0 994.0 
person 0.939017415047 1727.0 956.0 1769.0 1002.0 
person 0.938431084156 1938.0 954.0 1962.0 1008.0 
person 0.865374147892 1116.0 956.0 1132.0 1001.0 
person 0.779046714306 460.0 947.0 477.0 997.0 
person 0.509539425373 1263.0 952.0 1281.0 992.0 
person 0.43008312583 1120.0 956.0 1137.0 1001.0 
