person 0.997485995293 672.0 974.0 752.0 1215.0 
person 0.986146628857 2580.0 966.0 2634.0 1062.0 
person 0.985113978386 2025.0 951.0 2048.0 1014.0 
person 0.983227610588 2520.0 967.0 2595.0 1053.0 
person 0.980768740177 2314.0 957.0 2345.0 1051.0 
person 0.97245323658 860.0 958.0 888.0 1027.0 
person 0.972079098225 623.0 956.0 682.0 1083.0 
person 0.9580296278 571.0 949.0 617.0 1064.0 
person 0.949287950993 969.0 960.0 992.0 1007.0 
person 0.935942232609 1684.0 966.0 1704.0 1016.0 
person 0.796058356762 415.0 950.0 430.0 998.0 
