person 0.998501777649 672.0 974.0 759.0 1216.0 
person 0.988209009171 2024.0 951.0 2048.0 1014.0 
person 0.981384515762 632.0 957.0 684.0 1082.0 
person 0.981265485287 2317.0 958.0 2353.0 1051.0 
person 0.979056835175 2583.0 964.0 2630.0 1060.0 
person 0.960552096367 1678.0 963.0 1703.0 1017.0 
person 0.953985154629 967.0 958.0 990.0 1007.0 
person 0.951966404915 573.0 950.0 616.0 1064.0 
person 0.94564384222 858.0 956.0 883.0 1030.0 
person 0.941207647324 2529.0 971.0 2599.0 1054.0 
person 0.759707987309 415.0 950.0 430.0 999.0 
