person 0.998676598072 672.0 974.0 759.0 1213.0 
person 0.987799048424 2024.0 951.0 2048.0 1013.0 
person 0.978980541229 2318.0 955.0 2361.0 1052.0 
person 0.978251814842 2580.0 960.0 2630.0 1061.0 
person 0.974692285061 637.0 955.0 686.0 1082.0 
person 0.964583337307 1675.0 960.0 1699.0 1015.0 
person 0.954140126705 856.0 955.0 881.0 1032.0 
person 0.952882647514 574.0 952.0 615.0 1066.0 
person 0.937577486038 966.0 959.0 985.0 1004.0 
person 0.870352327824 2538.0 969.0 2595.0 1051.0 
person 0.774455547333 413.0 948.0 429.0 997.0 
person 0.373888194561 418.0 950.0 431.0 996.0 
