person 0.998842418194 672.0 975.0 759.0 1215.0 
person 0.990752577782 2318.0 958.0 2366.0 1051.0 
person 0.988980770111 2024.0 951.0 2048.0 1013.0 
person 0.982376158237 2579.0 958.0 2630.0 1063.0 
person 0.978868424892 1669.0 960.0 1699.0 1017.0 
person 0.97344070673 639.0 955.0 686.0 1082.0 
person 0.960159480572 852.0 954.0 881.0 1032.0 
person 0.958169937134 962.0 958.0 984.0 1006.0 
person 0.956462323666 573.0 951.0 615.0 1066.0 
person 0.72596013546 415.0 951.0 430.0 998.0 
person 0.564783275127 2550.0 976.0 2591.0 1056.0 
