person 0.998733103275 672.0 975.0 760.0 1218.0 
person 0.993479132652 2322.0 955.0 2374.0 1051.0 
person 0.98759162426 2024.0 950.0 2048.0 1012.0 
person 0.986170649529 2567.0 957.0 2628.0 1066.0 
person 0.974710822105 644.0 955.0 686.0 1079.0 
person 0.963674247265 1667.0 962.0 1698.0 1020.0 
person 0.959822177887 573.0 951.0 614.0 1067.0 
person 0.954803526402 847.0 953.0 880.0 1032.0 
person 0.941148161888 960.0 956.0 984.0 1006.0 
person 0.729183375835 415.0 951.0 430.0 998.0 
person 0.49245595932 1676.0 964.0 1702.0 1016.0 
