person 0.992500722408 3558.0 952.0 3610.0 1076.0 
person 0.969753265381 2580.0 949.0 2606.0 1015.0 
person 0.965050637722 1485.0 964.0 1517.0 1043.0 
person 0.964565694332 906.0 962.0 943.0 1099.0 
person 0.949674010277 721.0 951.0 747.0 1037.0 
person 0.945068895817 1727.0 956.0 1769.0 1002.0 
person 0.944265127182 1938.0 954.0 1962.0 1008.0 
person 0.943099379539 743.0 956.0 768.0 1038.0 
person 0.938995540142 1257.0 955.0 1275.0 993.0 
person 0.879597604275 1116.0 955.0 1132.0 1000.0 
person 0.816792428493 460.0 946.0 477.0 997.0 
person 0.583808660507 1263.0 952.0 1281.0 992.0 
