person 0.995076239109 3556.0 952.0 3607.0 1077.0 
person 0.969167530537 2580.0 949.0 2607.0 1015.0 
person 0.968943178654 1483.0 964.0 1515.0 1042.0 
person 0.959079146385 722.0 950.0 747.0 1037.0 
person 0.949799656868 747.0 957.0 770.0 1036.0 
person 0.948609113693 1259.0 952.0 1279.0 994.0 
person 0.934428334236 1938.0 954.0 1961.0 1007.0 
person 0.932913184166 907.0 962.0 944.0 1097.0 
person 0.92646676302 1731.0 955.0 1757.0 1000.0 
person 0.907915472984 1115.0 953.0 1134.0 1002.0 
person 0.692794024944 461.0 948.0 478.0 996.0 
person 0.350242942572 905.0 998.0 937.0 1099.0 
person 0.30101698637 1729.0 959.0 1748.0 1002.0 
