person 0.967304944992 2580.0 950.0 2607.0 1015.0 
person 0.957431852818 3557.0 951.0 3603.0 1079.0 
person 0.955618977547 722.0 949.0 747.0 1039.0 
person 0.954334497452 747.0 955.0 771.0 1037.0 
person 0.95193874836 910.0 960.0 949.0 1099.0 
person 0.938235402107 1480.0 966.0 1510.0 1041.0 
person 0.935441792011 1727.0 955.0 1757.0 1003.0 
person 0.932278156281 1939.0 955.0 1960.0 1007.0 
person 0.93174123764 1112.0 954.0 1134.0 1003.0 
person 0.858201682568 1261.0 955.0 1280.0 994.0 
person 0.738613247871 460.0 948.0 478.0 997.0 
person 0.375971257687 755.0 959.0 772.0 1034.0 
