person 0.975623369217 3555.0 950.0 3603.0 1079.0 
person 0.968553066254 2580.0 950.0 2607.0 1016.0 
person 0.954830944538 722.0 949.0 748.0 1039.0 
person 0.949511647224 746.0 956.0 772.0 1037.0 
person 0.948594629765 1111.0 953.0 1135.0 1003.0 
person 0.948348283768 910.0 960.0 949.0 1096.0 
person 0.942354798317 1480.0 966.0 1509.0 1040.0 
person 0.934387147427 1939.0 955.0 1960.0 1008.0 
person 0.884693384171 1725.0 957.0 1754.0 1004.0 
person 0.851702451706 1262.0 954.0 1281.0 994.0 
person 0.71536976099 461.0 948.0 478.0 997.0 
person 0.362350791693 905.0 1000.0 939.0 1098.0 
person 0.339572906494 1726.0 961.0 1744.0 1005.0 
