person 0.980479836464 3563.0 949.0 3602.0 1078.0 
person 0.970203578472 911.0 961.0 954.0 1096.0 
person 0.967729449272 2580.0 949.0 2607.0 1015.0 
person 0.964013040066 1112.0 959.0 1139.0 1001.0 
person 0.962985038757 1719.0 953.0 1757.0 1005.0 
person 0.957044064999 1478.0 962.0 1506.0 1039.0 
person 0.955522239208 1265.0 953.0 1286.0 992.0 
person 0.945136904716 721.0 950.0 747.0 1039.0 
person 0.933433592319 1939.0 953.0 1960.0 1008.0 
person 0.914655685425 748.0 954.0 775.0 1037.0 
person 0.739505767822 461.0 948.0 478.0 998.0 
