person 0.978532850742 1711.0 953.0 1762.0 1006.0 
person 0.975565731525 3566.0 950.0 3601.0 1074.0 
person 0.968479454517 1113.0 959.0 1140.0 1001.0 
person 0.967285573483 2580.0 949.0 2607.0 1015.0 
person 0.967180192471 909.0 963.0 955.0 1095.0 
person 0.9655854702 1477.0 957.0 1504.0 1039.0 
person 0.942103564739 721.0 950.0 747.0 1039.0 
person 0.936056613922 1938.0 954.0 1960.0 1008.0 
person 0.925737440586 1267.0 952.0 1287.0 992.0 
person 0.874989807606 749.0 955.0 775.0 1037.0 
person 0.727717280388 461.0 948.0 478.0 998.0 
