person 0.967771112919 1476.0 959.0 1503.0 1038.0 
person 0.966641187668 2580.0 950.0 2607.0 1015.0 
person 0.964925289154 909.0 965.0 955.0 1095.0 
person 0.961822628975 1712.0 953.0 1755.0 1005.0 
person 0.960903823376 1113.0 960.0 1139.0 1000.0 
person 0.960893809795 3568.0 950.0 3601.0 1072.0 
person 0.949018955231 1266.0 952.0 1288.0 992.0 
person 0.929901897907 1938.0 952.0 1960.0 1008.0 
person 0.929066777229 722.0 950.0 747.0 1038.0 
person 0.85378408432 753.0 954.0 777.0 1036.0 
person 0.717545688152 461.0 948.0 478.0 998.0 
