person 0.974399030209 909.0 966.0 955.0 1095.0 
person 0.968662083149 1113.0 960.0 1140.0 1000.0 
person 0.967321574688 1474.0 955.0 1503.0 1039.0 
person 0.966701209545 2580.0 949.0 2607.0 1015.0 
person 0.959485590458 3568.0 951.0 3601.0 1071.0 
person 0.958298206329 1267.0 952.0 1289.0 993.0 
person 0.950848519802 1711.0 952.0 1755.0 1005.0 
person 0.932561218739 1938.0 954.0 1960.0 1008.0 
person 0.912682771683 722.0 949.0 747.0 1038.0 
person 0.885195016861 752.0 955.0 778.0 1036.0 
person 0.735235452652 461.0 948.0 478.0 998.0 
person 0.300665020943 724.0 989.0 742.0 1037.0 
