person 0.96690839529 2581.0 950.0 2607.0 1015.0 
person 0.965205073357 1114.0 959.0 1141.0 999.0 
person 0.965031445026 1267.0 952.0 1290.0 993.0 
person 0.954113185406 1472.0 954.0 1500.0 1036.0 
person 0.951813697815 1713.0 950.0 1749.0 1005.0 
person 0.951273024082 911.0 966.0 954.0 1094.0 
person 0.937203526497 1938.0 954.0 1960.0 1008.0 
person 0.932473778725 3569.0 951.0 3601.0 1066.0 
person 0.897531032562 752.0 956.0 778.0 1036.0 
person 0.887322247028 722.0 948.0 746.0 1037.0 
person 0.72443908453 461.0 948.0 478.0 998.0 
person 0.368394047022 930.0 962.0 958.0 1050.0 
