person 0.973107039928 1115.0 959.0 1143.0 999.0 
person 0.966920554638 2581.0 950.0 2607.0 1015.0 
person 0.963120698929 1267.0 953.0 1291.0 994.0 
person 0.951948165894 3567.0 950.0 3600.0 1071.0 
person 0.942970812321 1713.0 951.0 1744.0 1006.0 
person 0.937721371651 1938.0 953.0 1959.0 1008.0 
person 0.91365724802 1473.0 955.0 1499.0 1040.0 
person 0.906375408173 721.0 949.0 746.0 1035.0 
person 0.900534272194 751.0 956.0 779.0 1034.0 
person 0.880582928658 911.0 980.0 950.0 1092.0 
person 0.759344577789 928.0 964.0 957.0 1067.0 
person 0.725461244583 461.0 948.0 478.0 998.0 
