person 0.96630179882 2581.0 950.0 2607.0 1015.0 
person 0.962428867817 908.0 971.0 953.0 1095.0 
person 0.960909605026 1271.0 953.0 1293.0 993.0 
person 0.941833853722 750.0 957.0 781.0 1035.0 
person 0.939630866051 1938.0 953.0 1959.0 1008.0 
person 0.938514947891 1714.0 952.0 1741.0 1005.0 
person 0.936936318874 3567.0 950.0 3600.0 1071.0 
person 0.93050801754 1117.0 957.0 1143.0 999.0 
person 0.918604671955 721.0 949.0 746.0 1037.0 
person 0.910695254803 1472.0 953.0 1497.0 1038.0 
person 0.729806900024 461.0 948.0 478.0 998.0 
person 0.597150623798 924.0 967.0 958.0 1081.0 
