person 0.98269546032 1493.0 958.0 1522.0 1046.0 
person 0.97559762001 3586.0 985.0 3647.0 1078.0 
person 0.960659444332 2582.0 950.0 2608.0 1014.0 
person 0.956654191017 907.0 957.0 938.0 1095.0 
person 0.94690066576 710.0 955.0 745.0 1041.0 
person 0.946574091911 1938.0 954.0 1959.0 1007.0 
person 0.927623033524 1766.0 960.0 1786.0 1003.0 
person 0.901835143566 1250.0 952.0 1266.0 994.0 
person 0.884617447853 1114.0 953.0 1129.0 1001.0 
person 0.79328674078 737.0 953.0 762.0 1038.0 
person 0.746939897537 463.0 946.0 477.0 997.0 
person 0.694851696491 907.0 988.0 931.0 1097.0 
person 0.34185552597 907.0 960.0 934.0 1054.0 
