person 0.978450655937 906.0 969.0 955.0 1100.0 
person 0.970171034336 3565.0 950.0 3600.0 1071.0 
person 0.96518856287 2581.0 949.0 2607.0 1015.0 
person 0.955617487431 1937.0 954.0 1959.0 1007.0 
person 0.951213777065 752.0 958.0 784.0 1035.0 
person 0.928551137447 1713.0 953.0 1735.0 1004.0 
person 0.914334118366 720.0 949.0 745.0 1039.0 
person 0.913320839405 1276.0 954.0 1294.0 993.0 
person 0.908118367195 1469.0 954.0 1491.0 1033.0 
person 0.8210272789 1122.0 962.0 1144.0 998.0 
person 0.741836607456 461.0 948.0 478.0 999.0 
person 0.312307596207 922.0 967.0 959.0 1087.0 
