person 0.973820745945 3565.0 951.0 3600.0 1069.0 
person 0.965368688107 2581.0 949.0 2607.0 1015.0 
person 0.963330745697 751.0 958.0 785.0 1035.0 
person 0.954363703728 1466.0 955.0 1490.0 1034.0 
person 0.9506919384 1937.0 954.0 1958.0 1007.0 
person 0.9303560853 906.0 971.0 958.0 1099.0 
person 0.924559295177 720.0 949.0 745.0 1037.0 
person 0.924072384834 1279.0 954.0 1296.0 993.0 
person 0.918473243713 1712.0 955.0 1733.0 1003.0 
person 0.893305420876 1123.0 962.0 1146.0 999.0 
person 0.720934391022 461.0 948.0 478.0 998.0 
