person 0.977190971375 752.0 958.0 787.0 1036.0 
person 0.977157533169 3565.0 951.0 3600.0 1070.0 
person 0.965412557125 2581.0 949.0 2607.0 1015.0 
person 0.952433109283 1936.0 953.0 1958.0 1007.0 
person 0.945813059807 1279.0 952.0 1295.0 992.0 
person 0.940073013306 1467.0 956.0 1489.0 1034.0 
person 0.931458055973 906.0 982.0 953.0 1100.0 
person 0.91067135334 1711.0 955.0 1731.0 1003.0 
person 0.905658721924 720.0 948.0 744.0 1036.0 
person 0.722492873669 461.0 948.0 478.0 998.0 
person 0.572164297104 1125.0 963.0 1145.0 999.0 
