person 0.985249221325 751.0 958.0 789.0 1035.0 
person 0.981848716736 908.0 967.0 959.0 1099.0 
person 0.980656802654 3563.0 950.0 3600.0 1070.0 
person 0.964432537556 2581.0 949.0 2606.0 1015.0 
person 0.956610262394 1936.0 953.0 1958.0 1007.0 
person 0.937959492207 1280.0 952.0 1297.0 993.0 
person 0.929375231266 1710.0 953.0 1730.0 1004.0 
person 0.910016417503 719.0 948.0 744.0 1036.0 
person 0.893224298954 1466.0 957.0 1486.0 1034.0 
person 0.755634963512 1128.0 961.0 1156.0 999.0 
person 0.709359943867 461.0 948.0 478.0 998.0 
