person 0.985654175282 3562.0 950.0 3601.0 1069.0 
person 0.983486652374 752.0 958.0 790.0 1035.0 
person 0.98012149334 910.0 970.0 958.0 1098.0 
person 0.963849425316 2581.0 949.0 2607.0 1014.0 
person 0.95717805624 1935.0 953.0 1958.0 1007.0 
person 0.944399118423 1708.0 954.0 1728.0 1005.0 
person 0.938097119331 1282.0 953.0 1299.0 992.0 
person 0.917443811893 719.0 948.0 743.0 1038.0 
person 0.889401972294 1465.0 960.0 1485.0 1035.0 
person 0.709952175617 461.0 948.0 478.0 998.0 
person 0.608075678349 1128.0 960.0 1158.0 999.0 
