person 0.987765014172 3561.0 950.0 3601.0 1069.0 
person 0.984260618687 751.0 958.0 791.0 1035.0 
person 0.963789522648 2581.0 949.0 2607.0 1015.0 
person 0.958034574986 1935.0 953.0 1957.0 1007.0 
person 0.956828355789 912.0 979.0 958.0 1098.0 
person 0.943880558014 1708.0 953.0 1728.0 1005.0 
person 0.928462207317 1464.0 961.0 1484.0 1036.0 
person 0.923027336597 1281.0 955.0 1299.0 995.0 
person 0.913965046406 718.0 948.0 743.0 1038.0 
person 0.785749554634 1129.0 961.0 1157.0 998.0 
person 0.701887369156 462.0 948.0 478.0 998.0 
