person 0.992538154125 3560.0 950.0 3601.0 1069.0 
person 0.985637247562 752.0 959.0 791.0 1035.0 
person 0.98301333189 913.0 972.0 960.0 1096.0 
person 0.963049948215 2581.0 949.0 2607.0 1014.0 
person 0.960077822208 1935.0 953.0 1957.0 1008.0 
person 0.944241881371 1708.0 954.0 1726.0 1005.0 
person 0.929572284222 1282.0 955.0 1300.0 996.0 
person 0.923041641712 1461.0 960.0 1483.0 1037.0 
person 0.922938942909 712.0 949.0 742.0 1041.0 
person 0.901182413101 1130.0 961.0 1156.0 999.0 
person 0.70202434063 462.0 948.0 478.0 998.0 
