person 0.992713272572 3560.0 950.0 3601.0 1070.0 
person 0.984745979309 914.0 972.0 961.0 1094.0 
person 0.984338343143 752.0 959.0 792.0 1035.0 
person 0.964520335197 2581.0 949.0 2607.0 1015.0 
person 0.962929785252 1935.0 952.0 1957.0 1008.0 
person 0.950212478638 1707.0 955.0 1726.0 1005.0 
person 0.938362598419 1282.0 954.0 1302.0 995.0 
person 0.925307750702 1459.0 961.0 1483.0 1034.0 
person 0.925150811672 712.0 949.0 742.0 1041.0 
person 0.918649256229 1131.0 961.0 1156.0 999.0 
person 0.697647154331 462.0 948.0 478.0 998.0 
