person 0.993114173412 3559.0 949.0 3601.0 1071.0 
person 0.985398769379 752.0 959.0 791.0 1034.0 
person 0.982049167156 916.0 979.0 964.0 1093.0 
person 0.967210054398 2581.0 949.0 2607.0 1014.0 
person 0.960099160671 1935.0 952.0 1957.0 1008.0 
person 0.95893061161 1707.0 954.0 1725.0 1004.0 
person 0.940741479397 1283.0 955.0 1302.0 995.0 
person 0.922807514668 711.0 948.0 742.0 1042.0 
person 0.90435308218 1458.0 962.0 1483.0 1035.0 
person 0.887598931789 1131.0 960.0 1156.0 999.0 
person 0.729884266853 462.0 948.0 478.0 998.0 
