person 0.995582044125 3557.0 949.0 3601.0 1070.0 
person 0.988750398159 750.0 958.0 794.0 1036.0 
person 0.983638763428 916.0 966.0 973.0 1089.0 
person 0.969042420387 2581.0 949.0 2607.0 1015.0 
person 0.961463868618 1706.0 954.0 1723.0 1005.0 
person 0.96076220274 1132.0 959.0 1158.0 999.0 
person 0.960173130035 1934.0 952.0 1956.0 1008.0 
person 0.943748116493 709.0 948.0 742.0 1042.0 
person 0.912413179874 1286.0 957.0 1304.0 994.0 
person 0.882105410099 1455.0 963.0 1480.0 1036.0 
person 0.838339090347 461.0 948.0 476.0 999.0 
person 0.409565001726 465.0 948.0 480.0 999.0 
