person 0.995599269867 3557.0 949.0 3601.0 1071.0 
person 0.987866401672 751.0 959.0 795.0 1035.0 
person 0.970951378345 2581.0 949.0 2607.0 1015.0 
person 0.967652320862 1131.0 959.0 1160.0 999.0 
person 0.954478800297 1934.0 952.0 1956.0 1008.0 
person 0.954072058201 1706.0 954.0 1723.0 1005.0 
person 0.944576382637 709.0 948.0 741.0 1042.0 
person 0.936033964157 927.0 966.0 978.0 1079.0 
person 0.91247844696 1451.0 963.0 1479.0 1035.0 
person 0.843794465065 1288.0 957.0 1306.0 995.0 
person 0.842132627964 461.0 948.0 476.0 998.0 
person 0.355890631676 916.0 1056.0 947.0 1090.0 
