person 0.994571864605 3557.0 949.0 3600.0 1071.0 
person 0.989621281624 752.0 959.0 796.0 1036.0 
person 0.985082149506 918.0 968.0 978.0 1088.0 
person 0.976568341255 1449.0 965.0 1479.0 1035.0 
person 0.96973824501 2581.0 949.0 2607.0 1015.0 
person 0.955002903938 1132.0 961.0 1163.0 999.0 
person 0.953265190125 1934.0 952.0 1955.0 1009.0 
person 0.945786714554 709.0 949.0 740.0 1041.0 
person 0.932338654995 1706.0 955.0 1721.0 1004.0 
person 0.915342509747 1289.0 956.0 1306.0 994.0 
person 0.844474852085 461.0 948.0 476.0 998.0 
person 0.77526730299 1286.0 960.0 1302.0 995.0 
person 0.592153966427 1703.0 957.0 1717.0 1001.0 
