person 0.995080947876 3557.0 948.0 3601.0 1071.0 
person 0.99119591713 919.0 968.0 981.0 1086.0 
person 0.983919799328 751.0 958.0 800.0 1036.0 
person 0.971801042557 1447.0 966.0 1476.0 1034.0 
person 0.967904567719 2581.0 949.0 2607.0 1015.0 
person 0.947841763496 1704.0 953.0 1720.0 1004.0 
person 0.941331386566 1932.0 952.0 1951.0 1009.0 
person 0.937675774097 710.0 949.0 740.0 1040.0 
person 0.909106135368 1140.0 957.0 1169.0 997.0 
person 0.89825463295 1291.0 957.0 1304.0 993.0 
person 0.820972561836 462.0 948.0 477.0 997.0 
person 0.72381401062 1293.0 956.0 1310.0 995.0 
