person 0.996632158756 921.0 960.0 985.0 1085.0 
person 0.99425548315 3557.0 950.0 3602.0 1071.0 
person 0.977418482304 754.0 960.0 803.0 1035.0 
person 0.969193816185 2581.0 949.0 2607.0 1014.0 
person 0.959422826767 1446.0 966.0 1477.0 1036.0 
person 0.958843052387 1702.0 954.0 1720.0 1004.0 
person 0.95186907053 1931.0 953.0 1950.0 1009.0 
person 0.931500554085 1293.0 955.0 1309.0 994.0 
person 0.914044797421 710.0 950.0 739.0 1040.0 
person 0.845914900303 1152.0 954.0 1176.0 996.0 
person 0.824136137962 462.0 948.0 477.0 997.0 
person 0.648547887802 1149.0 959.0 1171.0 999.0 
