person 0.997263431549 920.0 957.0 987.0 1081.0 
person 0.991644084454 3555.0 948.0 3602.0 1069.0 
person 0.972747087479 2581.0 950.0 2608.0 1015.0 
person 0.966419816017 758.0 960.0 803.0 1035.0 
person 0.963054478168 1443.0 968.0 1477.0 1034.0 
person 0.95975124836 1699.0 955.0 1720.0 1005.0 
person 0.948146104813 1931.0 953.0 1950.0 1009.0 
person 0.94545853138 1294.0 954.0 1311.0 996.0 
person 0.928117513657 709.0 952.0 737.0 1043.0 
person 0.858386516571 1155.0 960.0 1175.0 996.0 
person 0.829238295555 462.0 949.0 476.0 998.0 
person 0.474084973335 716.0 946.0 743.0 1043.0 
person 0.395966827869 466.0 948.0 480.0 998.0 
