person 0.995649516582 921.0 959.0 987.0 1081.0 
person 0.990664601326 3555.0 948.0 3603.0 1069.0 
person 0.973029255867 2581.0 950.0 2608.0 1015.0 
person 0.962853848934 1442.0 964.0 1476.0 1033.0 
person 0.959787964821 766.0 961.0 804.0 1034.0 
person 0.957407057285 1294.0 953.0 1311.0 996.0 
person 0.955472588539 1698.0 955.0 1720.0 1005.0 
person 0.944181382656 1931.0 954.0 1949.0 1009.0 
person 0.93725502491 709.0 952.0 738.0 1044.0 
person 0.856024265289 1156.0 963.0 1177.0 995.0 
person 0.818815052509 463.0 949.0 476.0 998.0 
person 0.397892028093 466.0 948.0 480.0 998.0 
person 0.365284234285 716.0 946.0 743.0 1044.0 
