person 0.984759032726 3556.0 952.0 3605.0 1069.0 
person 0.982924282551 777.0 960.0 813.0 1033.0 
person 0.974309504032 2582.0 950.0 2608.0 1014.0 
person 0.971915125847 932.0 973.0 986.0 1079.0 
person 0.970323860645 1696.0 954.0 1720.0 1007.0 
person 0.964994132519 1928.0 953.0 1949.0 1009.0 
person 0.960722625256 709.0 951.0 742.0 1044.0 
person 0.949449777603 1296.0 952.0 1313.0 994.0 
person 0.948990702629 1439.0 962.0 1468.0 1031.0 
person 0.917075335979 1157.0 963.0 1188.0 997.0 
person 0.805557310581 462.0 947.0 478.0 997.0 
