person 0.99487587 2258 965 2284 1023 
person 0.97202179 2385 964 2398 1007 
person 0.88553116 2042 964 2065 1009 
person 0.99111214 2808 957 2832 1017 
person 0.98858902 2735 949 2758 1012 
person 0.98578766 2491 955 2536 1025 
person 0.96161934 2777 952 2803 1012 
person 0.95887146 2685 957 2705 1003 
person 0.67870483 384 959 422 1023 
person 0.55299263 466 957 478 1019 
person 0.93684547 1070 969 1105 1062 
person 0.67302193 737 975 770 1022 
person 0.65291252 479 957 505 1025 
person 0.55849873 618 969 647 1023 
person 0.9307579 595 1465 2695 1742 
