person 0.99162376 2184 961 2208 1022 
person 0.82557426 2030 961 2049 1014 
person 0.99559311 2828 949 2857 1025 
person 0.99543404 2906 954 2932 1020 
person 0.99495956 2735 949 2760 1019 
person 0.99452278 2471 969 2493 1022 
person 0.99067352 2687 957 2712 1008 
person 0.98939041 2435 964 2464 1025 
person 0.69776878 2507 951 2517 981 
person 0.5451989 296 959 335 1015 
person 0.5173391 368 957 409 1014 
person 0.51208561 642 976 672 1020 
person 0.51001644 1003 971 1032 1062 
person 0.95532143 540 1456 2516 1802 
