person 0.99588051 2143 959 2168 1028 
person 0.97319221 2025 964 2049 1016 
person 0.99736641 2726 947 2753 1023 
person 0.99703186 2818 944 2847 1025 
person 0.99647186 2480 955 2531 1039 
person 0.99539215 2852 947 2884 1030 
person 0.99455299 2918 954 2944 1015 
person 0.99340782 2446 955 2477 1028 
person 0.98442688 2665 957 2690 1005 
person 0.6724395 359 957 398 1006 
person 0.5245961 289 955 331 1003 
person 0.97407799 979 964 1015 1070 
person 0.67966431 627 969 659 1015 
person 0.9789801 522 1399 2573 1803 
