person 0.99701485 2143 957 2168 1028 
person 0.96888527 2028 964 2049 1019 
person 0.99808327 2485 955 2529 1039 
person 0.9977462 2726 947 2753 1023 
person 0.99642677 2818 944 2847 1027 
person 0.9956662 2453 957 2476 1026 
person 0.99508957 2918 957 2944 1015 
person 0.9923687 2852 954 2881 1030 
person 0.9899852 2665 954 2690 1010 
person 0.67630028 359 955 398 1006 
person 0.59493034 289 955 330 1001 
person 0.97785774 979 964 1015 1072 
person 0.57048046 627 969 659 1015 
person 0.97442703 535 1403 2562 1802 
