person 0.99770721 2145 959 2172 1030 
person 0.9659198 2035 964 2058 1018 
person 0.99825478 2464 955 2486 1029 
person 0.997239 2726 950 2751 1023 
person 0.99589897 2920 954 2947 1015 
person 0.99545425 2499 953 2536 1045 
person 0.99511169 2862 952 2896 1032 
person 0.99118408 2808 947 2835 1025 
person 0.9846077 2659 959 2681 1008 
person 0.9309903 291 955 330 1005 
person 0.70569992 368 951 397 1008 
person 0.96704933 979 966 1015 1070 
person 0.57953156 625 969 659 1017 
person 0.9499472 574 1430 2547 1784 
