person 0.99437996 2147 957 2178 1028 
person 0.97568306 2037 964 2058 1018 
person 0.99824593 2464 955 2488 1029 
person 0.99753662 2726 947 2751 1026 
person 0.99653519 2920 952 2947 1015 
person 0.99629227 2493 955 2526 1042 
person 0.99347549 2650 957 2676 1010 
person 0.99270393 2874 949 2901 1027 
person 0.98122063 2796 952 2828 1029 
person 0.7884166 366 953 393 1008 
person 0.51442783 289 957 328 1005 
person 0.9842408 976 966 1015 1070 
person 0.52427311 622 971 662 1015 
person 0.98536728 581 1435 2595 1774 
