person 0.99494911 2147 957 2178 1028 
person 0.96625954 2040 964 2061 1018 
person 0.99808296 2723 947 2751 1026 
person 0.99749359 2464 955 2488 1031 
person 0.99643394 2920 952 2947 1015 
person 0.99611488 2794 949 2825 1027 
person 0.99165001 2493 955 2524 1042 
person 0.99149414 2876 949 2901 1025 
person 0.98905327 2650 957 2676 1010 
person 0.59919556 289 955 330 1005 
person 0.54714603 366 949 395 1011 
person 0.98176125 976 966 1015 1072 
person 0.52227085 627 967 659 1015 
person 0.9922728 586 1431 2613 1771 
