person 0.99829697 2156 961 2180 1032 
person 0.96783653 2044 966 2068 1020 
person 0.99809441 2452 955 2494 1045 
person 0.99689438 2721 945 2746 1026 
person 0.99497658 2886 954 2915 1032 
person 0.99073921 2915 952 2942 1015 
person 0.98737297 2777 949 2803 1024 
person 0.98431656 2638 957 2655 1009 
person 0.87247139 2502 951 2514 981 
person 0.6297937 291 957 330 1003 
person 0.97037224 979 966 1013 1072 
person 0.82058556 629 972 659 1017 
person 0.632631 489 966 525 1016 
person 0.99425568 606 1442 2640 1786 
