person 0.99758987 2158 959 2182 1032 
person 0.97214706 2044 966 2068 1020 
person 0.99727089 2721 945 2746 1026 
person 0.99623489 2445 955 2491 1047 
person 0.99406898 2889 952 2915 1032 
person 0.98983803 2777 949 2801 1027 
person 0.98969337 2915 954 2942 1015 
person 0.98960747 2636 957 2655 1007 
person 0.86765244 2502 951 2514 981 
person 0.66177544 294 959 326 1003 
person 0.60888195 358 957 401 1005 
person 0.96631721 979 966 1013 1072 
person 0.85763992 489 966 525 1016 
person 0.83329163 627 967 659 1017 
person 0.99397354 605 1443 2654 1785 
