person 0.99742821 2162 959 2184 1034 
person 0.93417221 2051 964 2074 1023 
person 0.99856461 2721 945 2746 1026 
person 0.99572296 2630 957 2655 1007 
person 0.99500404 2439 963 2483 1048 
person 0.98278275 2772 949 2799 1024 
person 0.96858566 2893 952 2918 1022 
person 0.86083694 2502 951 2514 983 
person 0.61770649 361 955 401 1005 
person 0.54068501 294 957 326 1005 
person 0.96001938 981 964 1015 1072 
person 0.84976173 631 972 659 1017 
person 0.81465614 491 966 525 1016 
person 0.98851265 606 1447 2611 1793 
