person 0.99447502 2162 959 2184 1032 
person 0.95182327 2051 964 2074 1020 
person 0.99882034 2721 945 2746 1026 
person 0.99667603 2628 957 2655 1007 
person 0.99522614 2438 963 2482 1048 
person 0.97241524 2772 949 2796 1027 
person 0.95289703 2893 952 2918 1022 
person 0.85194191 2502 951 2514 983 
person 0.54756702 296 957 328 1005 
person 0.52275402 361 955 400 1005 
person 0.97659126 981 966 1015 1072 
person 0.89419121 631 972 661 1017 
person 0.82836197 491 964 527 1016 
person 0.98408974 606 1447 2595 1795 
