person 0.9954232 2172 963 2196 1033 
person 0.98521545 2058 964 2084 1022 
person 0.996717 2716 950 2739 1025 
person 0.996632 2468 955 2497 1036 
person 0.995672 2409 968 2449 1050 
person 0.99423737 2896 949 2928 1034 
person 0.98705025 2611 961 2632 1011 
person 0.98667542 2751 957 2775 1026 
person 0.95404259 2501 953 2512 985 
person 0.75711586 369 963 412 1014 
person 0.62672001 302 959 342 1009 
person 0.95976158 986 971 1018 1074 
person 0.52487518 640 978 670 1026 
person 0.94524315 579 1464 2646 1752 
