person 0.98795753 2068 966 2090 1022 
person 0.98333664 2178 972 2210 1032 
person 0.76745743 2386 964 2398 1035 
person 0.99638786 2710 957 2737 1030 
person 0.99520416 2465 957 2497 1042 
person 0.9935186 2744 957 2768 1026 
person 0.99311317 2599 961 2619 1010 
person 0.99265175 2399 973 2426 1043 
person 0.96222214 2891 947 2935 1027 
person 0.94784233 2501 953 2511 985 
person 0.75545341 306 959 346 1017 
person 0.51475208 376 967 403 1019 
person 0.9529567 996 976 1025 1070 
person 0.96798073 548 1476 2591 1781 
