person 0.99067894 2180 966 2212 1032 
person 0.98879723 2068 968 2093 1022 
person 0.79955963 2386 964 2398 1036 
person 0.99687843 2710 957 2737 1030 
person 0.99490723 2744 957 2768 1026 
person 0.99442245 2465 957 2497 1042 
person 0.99289017 2597 961 2619 1010 
person 0.99242043 2399 973 2426 1045 
person 0.96484642 2891 947 2935 1027 
person 0.94037567 2501 953 2511 985 
person 0.75434547 306 959 346 1017 
person 0.51993813 376 965 403 1019 
person 0.9615049 998 976 1025 1072 
person 0.98000671 552 1476 2600 1777 
