person 0.99392662 2198 961 2223 1034 
person 0.98960793 2359 965 2384 1038 
person 0.96260101 2079 968 2104 1019 
person 0.99554642 2703 950 2726 1032 
person 0.99474091 2472 957 2502 1044 
person 0.99435402 2889 952 2915 1032 
person 0.988834 2859 954 2881 1022 
person 0.98537598 2574 961 2594 1011 
person 0.97392151 2742 954 2763 1019 
person 0.86761703 321 959 358 1018 
person 0.73014885 395 959 429 1024 
person 0.7923185 993 979 1025 1067 
person 0.52153511 653 978 684 1029 
person 0.91581047 608 1460 2473 1805 
