person 0.87542007 490 962 511 1024 
person 0.69713478 412 965 453 1047 
person 0.85130394 512 960 535 1026 
person 0.55028839 769 980 797 1030 
person 0.52407967 632 964 673 1107 
person 0.99388603 1088 969 1118 1062 
person 0.99586571 2365 961 2385 1006 
person 0.99507629 2271 967 2302 1023 
person 0.98517822 2509 964 2537 1023 
person 0.98148376 2048 968 2063 1007 
person 0.94022285 2492 955 2503 984 
person 0.99428925 2675 957 2696 1004 
person 0.96267128 2742 957 2766 1010 
person 0.83684097 2781 952 2805 1016 
