person 0.93093346 480 959 511 1022 
person 0.59070915 403 961 443 1054 
person 0.63059235 762 978 786 1030 
person 0.54259727 512 962 526 1026 
person 0.99618996 1083 969 1116 1064 
person 0.9948175 2270 966 2298 1024 
person 0.9942971 2506 965 2538 1024 
person 0.98853149 2367 962 2390 1008 
person 0.94939217 2048 969 2062 1008 
person 0.94376785 2492 955 2503 983 
person 0.99062309 2785 959 2811 1019 
person 0.98131378 2677 957 2698 1004 
person 0.978162 2740 956 2763 1008 
person 0.95648277 2763 956 2782 1008 
