person 0.62875896 369 959 404 1016 
person 0.6250034 299 959 333 1010 
person 0.94326241 1001 973 1023 1070 
person 0.86464066 640 975 669 1018 
person 0.60384865 512 969 537 1026 
person 0.95582123 2030 966 2047 1015 
person 0.99818184 2435 960 2463 1025 
person 0.996576 2171 963 2200 1026 
person 0.97646751 2479 969 2502 1023 
person 0.86737511 2508 954 2519 981 
person 0.99819962 2734 949 2759 1017 
person 0.9970607 2834 950 2861 1028 
person 0.99249664 2913 956 2937 1019 
person 0.99121231 2688 955 2709 1007 
