person 0.969271183014 1064.0 972.0 1092.0 1049.0 
person 0.952729523182 2600.0 960.0 2627.0 1016.0 
person 0.951794028282 2749.0 954.0 2775.0 1011.0 
person 0.949369490147 2478.0 956.0 2500.0 1018.0 
person 0.905200719833 544.0 963.0 586.0 1018.0 
person 0.898726403713 2049.0 966.0 2070.0 1005.0 
person 0.867354869843 2844.0 955.0 2873.0 999.0 
person 0.787503063679 2855.0 957.0 2877.0 999.0 
person 0.757660508156 2322.0 959.0 2340.0 1006.0 
person 0.675575315952 2253.0 970.0 2271.0 1022.0 
person 0.612302720547 0.0 1511.0 972.0 1858.0 
