person 0.957297682762 1083.0 973.0 1110.0 1055.0 
person 0.939188718796 2653.0 961.0 2676.0 1016.0 
person 0.923943638802 2482.0 961.0 2504.0 1022.0 
person 0.923832297325 2756.0 959.0 2782.0 1014.0 
person 0.904204905033 2272.0 962.0 2292.0 1019.0 
person 0.894741237164 2805.0 951.0 2832.0 1001.0 
person 0.890854537487 532.0 965.0 579.0 1030.0 
person 0.804557859898 25.0 1512.0 1175.0 1875.0 
person 0.794329822063 2046.0 965.0 2064.0 1005.0 
person 0.698169410229 2329.0 962.0 2347.0 1007.0 
person 0.67236584425 2828.0 957.0 2853.0 1000.0 
person 0.658051252365 2629.0 964.0 2645.0 998.0 
