person 0.963518500328 2656.0 963.0 2688.0 1017.0 
person 0.934193909168 2273.0 963.0 2294.0 1020.0 
person 0.933029949665 2482.0 959.0 2504.0 1022.0 
person 0.911939799786 2755.0 958.0 2782.0 1013.0 
person 0.906939268112 1089.0 973.0 1114.0 1051.0 
person 0.888199567795 2044.0 964.0 2063.0 1007.0 
person 0.85584872961 2805.0 952.0 2827.0 1000.0 
person 0.840644240379 535.0 965.0 579.0 1029.0 
person 0.793611884117 2828.0 956.0 2848.0 1000.0 
person 0.786663711071 2330.0 962.0 2348.0 1006.0 
person 0.746225118637 2049.0 963.0 2067.0 1005.0 
person 0.609507083893 67.0 1491.0 1142.0 1864.0 
