person 0.950646698475 2658.0 964.0 2691.0 1014.0 
person 0.944742083549 2483.0 960.0 2504.0 1022.0 
person 0.933552086353 2275.0 962.0 2295.0 1020.0 
person 0.92555809021 2755.0 958.0 2782.0 1013.0 
person 0.918934941292 2044.0 965.0 2062.0 1008.0 
person 0.908533811569 1087.0 975.0 1114.0 1056.0 
person 0.847598433495 105.0 1505.0 1069.0 1857.0 
person 0.832959055901 535.0 966.0 580.0 1029.0 
person 0.808142125607 2806.0 952.0 2828.0 999.0 
person 0.788432002068 2826.0 956.0 2845.0 998.0 
person 0.758121967316 2048.0 964.0 2067.0 1006.0 
person 0.626060426235 2332.0 963.0 2348.0 1005.0 
