person 0.946452260017 2662.0 964.0 2695.0 1012.0 
person 0.931064784527 2755.0 959.0 2781.0 1012.0 
person 0.929472029209 2275.0 962.0 2297.0 1021.0 
person 0.921661496162 2043.0 965.0 2062.0 1007.0 
person 0.891724824905 2483.0 961.0 2505.0 1021.0 
person 0.810570657253 532.0 965.0 578.0 1029.0 
person 0.788659453392 2826.0 958.0 2843.0 1001.0 
person 0.72286003828 2634.0 959.0 2652.0 999.0 
person 0.716240823269 1089.0 973.0 1115.0 1055.0 
person 0.686463654041 2332.0 962.0 2349.0 1006.0 
person 0.674712181091 2807.0 955.0 2829.0 1001.0 
