person 0.941715538502 2756.0 960.0 2781.0 1012.0 
person 0.937171578407 2044.0 962.0 2062.0 1005.0 
person 0.904932141304 2484.0 960.0 2509.0 1023.0 
person 0.857854664326 2678.0 961.0 2703.0 1017.0 
person 0.854618668556 540.0 1501.0 1291.0 1857.0 
person 0.843805015087 2279.0 965.0 2304.0 1021.0 
person 0.83791577816 531.0 964.0 576.0 1028.0 
person 0.784345686436 2641.0 959.0 2660.0 1000.0 
person 0.734168171883 1091.0 974.0 1117.0 1057.0 
person 0.672124147415 29.0 1493.0 1190.0 1849.0 
person 0.666803836823 2820.0 955.0 2839.0 1004.0 
