person 0.949592471123 2282.0 965.0 2306.0 1021.0 
person 0.945043623447 2752.0 958.0 2776.0 1009.0 
person 0.941921114922 2044.0 964.0 2062.0 1006.0 
person 0.925883293152 2486.0 964.0 2509.0 1023.0 
person 0.92230951786 529.0 961.0 571.0 1028.0 
person 0.897265613079 2691.0 961.0 2711.0 1015.0 
person 0.81409996748 497.0 1488.0 1255.0 1826.0 
person 0.772590875626 2794.0 957.0 2821.0 1005.0 
person 0.625025749207 2806.0 957.0 2833.0 1006.0 
person 0.620834171772 1091.0 968.0 1118.0 1053.0 
person 0.614778757095 78.0 1485.0 1129.0 1841.0 
