person 0.950616061687 2284.0 962.0 2307.0 1022.0 
person 0.939324676991 2700.0 959.0 2722.0 1016.0 
person 0.914024233818 2045.0 965.0 2063.0 1007.0 
person 0.908213734627 1093.0 969.0 1121.0 1056.0 
person 0.900760829449 2489.0 965.0 2514.0 1023.0 
person 0.867776036263 2758.0 962.0 2779.0 1011.0 
person 0.84198319912 527.0 960.0 572.0 1028.0 
person 0.837897062302 2648.0 961.0 2665.0 1002.0 
person 0.805317759514 2339.0 960.0 2355.0 1004.0 
person 0.768998205662 2810.0 956.0 2833.0 1003.0 
person 0.649980306625 2788.0 958.0 2808.0 1005.0 
