person 0.929544746876 2281.0 964.0 2305.0 1022.0 
person 0.924801409245 2705.0 960.0 2743.0 1017.0 
person 0.921054720879 2493.0 966.0 2514.0 1025.0 
person 0.912441968918 2042.0 964.0 2059.0 1008.0 
person 0.86652469635 516.0 961.0 565.0 1027.0 
person 0.826471567154 2797.0 956.0 2818.0 1003.0 
person 0.819904625416 2340.0 957.0 2357.0 1005.0 
person 0.791086435318 2650.0 960.0 2668.0 998.0 
person 0.774647474289 47.0 1493.0 1102.0 1823.0 
person 0.76129758358 1091.0 971.0 1118.0 1056.0 
person 0.667627692223 2751.0 963.0 2775.0 1009.0 
person 0.656666338444 447.0 968.0 483.0 1041.0 
