person 0.970136225224 2492.0 960.0 2540.0 1026.0 
person 0.962177753448 1070.0 969.0 1100.0 1059.0 
person 0.925268352032 2261.0 966.0 2293.0 1020.0 
person 0.9232634902 460.0 959.0 507.0 1026.0 
person 0.893721938133 2041.0 966.0 2059.0 1008.0 
person 0.844197392464 2741.0 955.0 2761.0 1009.0 
person 0.797486841679 2800.0 956.0 2821.0 1016.0 
person 0.777404904366 385.0 961.0 429.0 1031.0 
person 0.721916139126 0.0 1510.0 1046.0 1872.0 
person 0.670849502087 2376.0 964.0 2396.0 1008.0 
person 0.602977871895 2772.0 954.0 2790.0 1008.0 
