person 0.987582623959 2493.0 961.0 2533.0 1025.0 
person 0.926599502563 2738.0 952.0 2760.0 1010.0 
person 0.888590693474 2810.0 954.0 2833.0 1016.0 
person 0.887775480747 2687.0 955.0 2706.0 1001.0 
person 0.866183817387 2258.0 968.0 2282.0 1020.0 
person 0.831451952457 453.0 961.0 500.0 1027.0 
person 0.81799185276 1068.0 970.0 1098.0 1056.0 
person 0.796845555305 2776.0 954.0 2800.0 1012.0 
person 0.733727037907 2043.0 966.0 2061.0 1008.0 
person 0.676692545414 2382.0 964.0 2400.0 1008.0 
person 0.675932526588 2783.0 953.0 2806.0 1009.0 
person 0.614598989487 380.0 966.0 418.0 1025.0 
