person 0.982461869717 2491.0 961.0 2533.0 1024.0 
person 0.974244654179 1064.0 969.0 1095.0 1059.0 
person 0.954838633537 2257.0 964.0 2282.0 1020.0 
person 0.935067236423 2738.0 951.0 2760.0 1010.0 
person 0.866635799408 2811.0 954.0 2836.0 1015.0 
person 0.846582829952 451.0 961.0 494.0 1026.0 
person 0.842742919922 2689.0 956.0 2706.0 1000.0 
person 0.803683340549 2777.0 953.0 2801.0 1012.0 
person 0.771672785282 2384.0 961.0 2404.0 1008.0 
person 0.75216037035 499.0 807.0 524.0 859.0 
person 0.737986147404 602.0 971.0 645.0 1034.0 
