person 0.983379423618 2248.0 963.0 2282.0 1023.0 
person 0.982471883297 2485.0 962.0 2531.0 1028.0 
person 0.935225903988 1056.0 971.0 1085.0 1061.0 
person 0.924285888672 434.0 958.0 479.0 1027.0 
person 0.897065162659 2737.0 956.0 2758.0 1007.0 
person 0.894262135029 2782.0 954.0 2806.0 1010.0 
person 0.817680418491 2826.0 962.0 2849.0 1016.0 
person 0.816751718521 362.0 962.0 409.0 1029.0 
person 0.799831807613 2690.0 958.0 2709.0 1002.0 
person 0.741542875767 2042.0 967.0 2060.0 1009.0 
person 0.734876275063 2387.0 960.0 2408.0 1012.0 
