person 0.987418174744 2244.0 965.0 2281.0 1021.0 
person 0.952305436134 2486.0 961.0 2523.0 1025.0 
person 0.927125036716 433.0 959.0 475.0 1027.0 
person 0.903924286366 2784.0 952.0 2805.0 1010.0 
person 0.883537113667 2738.0 956.0 2759.0 1009.0 
person 0.872986078262 1053.0 974.0 1086.0 1062.0 
person 0.856051325798 2391.0 959.0 2413.0 1010.0 
person 0.81446158886 2041.0 965.0 2059.0 1007.0 
person 0.764687716961 2833.0 958.0 2855.0 1017.0 
person 0.745358765125 2691.0 958.0 2709.0 1003.0 
person 0.626225054264 352.0 967.0 399.0 1026.0 
