person 0.967760920525 2245.0 965.0 2281.0 1021.0 
person 0.944124221802 1052.0 973.0 1084.0 1063.0 
person 0.933904647827 2041.0 966.0 2061.0 1009.0 
person 0.914652347565 429.0 958.0 475.0 1025.0 
person 0.907495617867 2737.0 955.0 2760.0 1010.0 
person 0.88803344965 2392.0 957.0 2415.0 1009.0 
person 0.877347409725 2785.0 952.0 2806.0 1011.0 
person 0.831128418446 2483.0 961.0 2518.0 1026.0 
person 0.820987343788 351.0 964.0 398.0 1026.0 
person 0.817911803722 2838.0 960.0 2864.0 1017.0 
person 0.767741799355 2692.0 957.0 2711.0 1002.0 
person 0.620032906532 716.0 978.0 739.0 1016.0 
