person 0.968742072582 1048.0 970.0 1079.0 1061.0 
person 0.956771612167 2041.0 966.0 2064.0 1011.0 
person 0.936917960644 2242.0 962.0 2272.0 1020.0 
person 0.93190830946 2787.0 951.0 2810.0 1013.0 
person 0.927220582962 2481.0 962.0 2511.0 1025.0 
person 0.917690694332 2740.0 953.0 2761.0 1011.0 
person 0.908208727837 2844.0 962.0 2873.0 1018.0 
person 0.881885349751 2397.0 957.0 2421.0 1008.0 
person 0.872623741627 424.0 961.0 475.0 1027.0 
person 0.841646313667 2696.0 957.0 2714.0 1003.0 
person 0.722426235676 566.0 969.0 615.0 1030.0 
person 0.691779315472 347.0 969.0 399.0 1026.0 
