person 0.953661978245 2846.0 960.0 2879.0 1020.0 
person 0.952418744564 2042.0 967.0 2065.0 1010.0 
person 0.934479773045 2243.0 963.0 2268.0 1022.0 
person 0.923360347748 2478.0 965.0 2514.0 1028.0 
person 0.915639638901 2788.0 954.0 2813.0 1015.0 
person 0.903864085674 2741.0 955.0 2763.0 1011.0 
person 0.888151347637 419.0 960.0 466.0 1026.0 
person 0.850679278374 346.0 964.0 392.0 1024.0 
person 0.832663357258 2695.0 957.0 2716.0 1005.0 
person 0.795612752438 2400.0 957.0 2422.0 1010.0 
person 0.754283130169 1045.0 972.0 1079.0 1061.0 
