person 0.973712265491 2240.0 963.0 2263.0 1021.0 
person 0.970212101936 2472.0 967.0 2511.0 1029.0 
person 0.954683065414 2039.0 968.0 2065.0 1012.0 
person 0.940175116062 415.0 959.0 460.0 1023.0 
person 0.939813613892 2788.0 953.0 2816.0 1015.0 
person 0.936072289944 2849.0 959.0 2881.0 1020.0 
person 0.894663631916 2740.0 957.0 2763.0 1012.0 
person 0.89379543066 2400.0 960.0 2422.0 1013.0 
person 0.863898813725 340.0 960.0 384.0 1027.0 
person 0.840817809105 2696.0 959.0 2713.0 1004.0 
person 0.833653986454 557.0 965.0 603.0 1031.0 
person 0.807384908199 1043.0 976.0 1072.0 1065.0 
