person 0.973836958408 2464.0 965.0 2509.0 1029.0 
person 0.973061323166 2849.0 954.0 2883.0 1021.0 
person 0.970077097416 2236.0 961.0 2259.0 1022.0 
person 0.963436841965 2038.0 969.0 2064.0 1013.0 
person 0.948009073734 2789.0 953.0 2816.0 1015.0 
person 0.939186811447 1036.0 975.0 1068.0 1064.0 
person 0.917834997177 2739.0 955.0 2762.0 1011.0 
person 0.917163431644 333.0 961.0 378.0 1025.0 
person 0.896975278854 406.0 960.0 454.0 1022.0 
person 0.837500929832 2402.0 961.0 2423.0 1013.0 
person 0.825859844685 2696.0 959.0 2712.0 1003.0 
person 0.82031673193 549.0 967.0 597.0 1030.0 
