person 0.989815711975 2462.0 968.0 2509.0 1028.0 
person 0.966458797455 2040.0 968.0 2065.0 1013.0 
person 0.959152519703 2851.0 956.0 2885.0 1020.0 
person 0.952761769295 2232.0 960.0 2259.0 1022.0 
person 0.946038961411 2792.0 952.0 2819.0 1015.0 
person 0.933020293713 1033.0 974.0 1065.0 1065.0 
person 0.925711810589 404.0 961.0 450.0 1023.0 
person 0.925258457661 333.0 961.0 375.0 1024.0 
person 0.923907220364 2740.0 955.0 2762.0 1012.0 
person 0.842407643795 2402.0 963.0 2424.0 1014.0 
person 0.78265440464 2698.0 959.0 2713.0 1005.0 
person 0.738700628281 0.0 1495.0 1043.0 1854.0 
