person 0.977230370045 2457.0 967.0 2489.0 1025.0 
person 0.974411129951 2226.0 963.0 2247.0 1019.0 
person 0.964308023453 2800.0 947.0 2829.0 1019.0 
person 0.957374274731 2037.0 964.0 2057.0 1010.0 
person 0.940164029598 394.0 962.0 438.0 1024.0 
person 0.938473463058 1024.0 974.0 1055.0 1069.0 
person 0.927211940289 2405.0 962.0 2433.0 1017.0 
person 0.903051614761 2741.0 956.0 2762.0 1010.0 
person 0.865989327431 319.0 962.0 365.0 1024.0 
person 0.78033053875 2697.0 958.0 2714.0 1004.0 
person 0.767940342426 538.0 970.0 580.0 1030.0 
person 0.611027657986 2500.0 953.0 2514.0 984.0 
