person 0.97114109993 2223.0 964.0 2245.0 1021.0 
person 0.953846752644 1024.0 974.0 1053.0 1066.0 
person 0.953746318817 2800.0 947.0 2829.0 1019.0 
person 0.948463022709 2455.0 967.0 2483.0 1028.0 
person 0.943755030632 2405.0 962.0 2434.0 1018.0 
person 0.912472009659 2741.0 954.0 2761.0 1009.0 
person 0.910571098328 390.0 961.0 435.0 1023.0 
person 0.906965553761 2037.0 962.0 2055.0 1010.0 
person 0.858397781849 317.0 961.0 362.0 1024.0 
person 0.820554077625 2697.0 960.0 2712.0 1004.0 
person 0.618428528309 2502.0 953.0 2514.0 984.0 
