person 0.97474604845 2222.0 963.0 2244.0 1021.0 
person 0.968149065971 2453.0 968.0 2479.0 1029.0 
person 0.950995624065 1018.0 976.0 1051.0 1068.0 
person 0.945347070694 2405.0 965.0 2434.0 1018.0 
person 0.944148778915 2800.0 949.0 2829.0 1020.0 
person 0.887971282005 2037.0 965.0 2054.0 1012.0 
person 0.883006811142 2875.0 960.0 2895.0 1016.0 
person 0.869111597538 384.0 960.0 431.0 1021.0 
person 0.832133114338 2739.0 954.0 2762.0 1009.0 
person 0.817468881607 317.0 962.0 360.0 1023.0 
person 0.793093800545 2698.0 960.0 2712.0 1004.0 
