person 0.972615242004 2219.0 961.0 2243.0 1021.0 
person 0.970101237297 2453.0 965.0 2477.0 1029.0 
person 0.942522525787 2035.0 965.0 2054.0 1011.0 
person 0.927951872349 2406.0 966.0 2432.0 1017.0 
person 0.909522414207 2803.0 948.0 2831.0 1018.0 
person 0.904709815979 2741.0 956.0 2761.0 1011.0 
person 0.886207103729 388.0 960.0 434.0 1026.0 
person 0.883837878704 1016.0 978.0 1048.0 1071.0 
person 0.878154993057 2879.0 957.0 2898.0 1015.0 
person 0.854772627354 315.0 961.0 358.0 1023.0 
person 0.773605108261 2697.0 958.0 2713.0 1004.0 
