person 0.992000341415 2201.0 962.0 2231.0 1023.0 
person 0.973271906376 2029.0 967.0 2054.0 1011.0 
person 0.959234595299 2814.0 949.0 2845.0 1022.0 
person 0.951741755009 2438.0 966.0 2469.0 1024.0 
person 0.951533913612 2892.0 956.0 2921.0 1016.0 
person 0.943599402905 2740.0 956.0 2765.0 1014.0 
person 0.91791331768 371.0 960.0 409.0 1024.0 
person 0.876124203205 2423.0 965.0 2451.0 1019.0 
person 0.858217000961 302.0 963.0 345.0 1019.0 
person 0.824622869492 373.0 959.0 413.0 1071.0 
person 0.820719063282 2696.0 959.0 2716.0 1006.0 
person 0.659278213978 658.0 979.0 680.0 1009.0 
