person 0.97687369585 2830.0 948.0 2856.0 1024.0 
person 0.961869835854 2739.0 954.0 2760.0 1017.0 
person 0.956391334534 2188.0 960.0 2210.0 1021.0 
person 0.934035181999 2906.0 953.0 2931.0 1018.0 
person 0.896484792233 2029.0 966.0 2049.0 1015.0 
person 0.873305737972 2694.0 957.0 2714.0 1003.0 
person 0.872160255909 289.0 961.0 332.0 1018.0 
person 0.862940192223 2435.0 969.0 2468.0 1025.0 
person 0.821451961994 17.0 1485.0 984.0 1855.0 
person 0.719293415546 2463.0 967.0 2485.0 1021.0 
person 0.680449128151 1004.0 973.0 1026.0 1061.0 
