person 0.983972787857 2832.0 948.0 2861.0 1027.0 
person 0.9816878438 2161.0 963.0 2198.0 1026.0 
person 0.953294694424 2736.0 955.0 2759.0 1017.0 
person 0.934556901455 990.0 971.0 1017.0 1068.0 
person 0.929859042168 2435.0 966.0 2460.0 1024.0 
person 0.904732942581 2912.0 955.0 2938.0 1014.0 
person 0.898938477039 0.0 1472.0 692.0 1832.0 
person 0.852563619614 2027.0 967.0 2046.0 1014.0 
person 0.827839016914 2484.0 970.0 2511.0 1026.0 
person 0.790525138378 286.0 960.0 328.0 1017.0 
person 0.688641905785 487.0 969.0 534.0 1028.0 
person 0.631619751453 2687.0 958.0 2705.0 1005.0 
