person 0.98268866539 2160.0 964.0 2191.0 1026.0 
person 0.978498876095 2832.0 946.0 2862.0 1027.0 
person 0.952641427517 986.0 969.0 1014.0 1069.0 
person 0.941716372967 2736.0 954.0 2758.0 1017.0 
person 0.935439288616 2437.0 965.0 2462.0 1024.0 
person 0.926655769348 2485.0 965.0 2523.0 1025.0 
person 0.871917247772 2026.0 966.0 2045.0 1014.0 
person 0.862301886082 288.0 960.0 330.0 1016.0 
person 0.840428888798 2913.0 954.0 2940.0 1012.0 
person 0.798907577991 488.0 968.0 534.0 1031.0 
person 0.768418848515 10.0 1458.0 841.0 1827.0 
person 0.708688616753 2684.0 959.0 2705.0 1007.0 
