person 0.978452265263 2162.0 963.0 2186.0 1023.0 
person 0.974514007568 2831.0 945.0 2863.0 1026.0 
person 0.96297454834 987.0 971.0 1016.0 1070.0 
person 0.939274191856 2436.0 965.0 2463.0 1024.0 
person 0.931067407131 2486.0 959.0 2523.0 1024.0 
person 0.926383674145 2735.0 953.0 2758.0 1016.0 
person 0.876430034637 0.0 1465.0 625.0 1807.0 
person 0.870419800282 2024.0 966.0 2043.0 1017.0 
person 0.8488535285 487.0 968.0 533.0 1027.0 
person 0.84686511755 288.0 960.0 328.0 1016.0 
person 0.843573451042 2913.0 952.0 2941.0 1012.0 
person 0.714035689831 2682.0 957.0 2705.0 1006.0 
