person 0.966852664948 2830.0 945.0 2861.0 1024.0 
person 0.955890715122 2161.0 960.0 2182.0 1021.0 
person 0.947444796562 2438.0 964.0 2464.0 1023.0 
person 0.94621026516 2485.0 958.0 2533.0 1028.0 
person 0.924934029579 2679.0 956.0 2705.0 1004.0 
person 0.919522225857 2735.0 952.0 2757.0 1017.0 
person 0.913508117199 982.0 970.0 1013.0 1069.0 
person 0.910442709923 2024.0 965.0 2043.0 1017.0 
person 0.897183656693 0.0 1462.0 732.0 1796.0 
person 0.862962722778 289.0 961.0 328.0 1016.0 
person 0.849832057953 2913.0 953.0 2942.0 1013.0 
person 0.823189675808 486.0 970.0 532.0 1026.0 
