person 0.970235526562 2158.0 957.0 2181.0 1024.0 
person 0.962218344212 2023.0 966.0 2044.0 1016.0 
person 0.96000379324 2830.0 945.0 2862.0 1024.0 
person 0.943939387798 2438.0 962.0 2464.0 1023.0 
person 0.94377720356 2487.0 957.0 2536.0 1031.0 
person 0.940348148346 2733.0 952.0 2757.0 1017.0 
person 0.910338759422 2677.0 958.0 2704.0 1003.0 
person 0.862540543079 981.0 971.0 1011.0 1071.0 
person 0.853456258774 2913.0 952.0 2941.0 1013.0 
person 0.835479974747 2.0 1453.0 664.0 1796.0 
person 0.813271462917 287.0 961.0 328.0 1017.0 
person 0.799562335014 486.0 968.0 531.0 1029.0 
