person 0.981880426407 2146.0 962.0 2177.0 1027.0 
person 0.972597539425 2730.0 952.0 2758.0 1020.0 
person 0.964809238911 2447.0 960.0 2468.0 1024.0 
person 0.959373235703 2841.0 949.0 2871.0 1028.0 
person 0.933756172657 2024.0 963.0 2044.0 1018.0 
person 0.928951978683 2916.0 951.0 2943.0 1014.0 
person 0.901690125465 0.0 1451.0 680.0 1830.0 
person 0.894868016243 2677.0 960.0 2698.0 1006.0 
person 0.873327732086 979.0 968.0 1010.0 1057.0 
person 0.85246104002 287.0 960.0 327.0 1011.0 
person 0.82256102562 483.0 965.0 531.0 1072.0 
person 0.772760033607 2502.0 950.0 2534.0 1031.0 
person 0.762414813042 482.0 964.0 531.0 1028.0 
person 0.668400585651 2825.0 951.0 2850.0 1024.0 
