person 0.9768217206 2146.0 961.0 2179.0 1026.0 
person 0.965380787849 2729.0 952.0 2758.0 1020.0 
person 0.95493799448 2845.0 951.0 2874.0 1028.0 
person 0.942866742611 979.0 967.0 1011.0 1069.0 
person 0.936910569668 2448.0 961.0 2469.0 1023.0 
person 0.926156699657 1.0 1452.0 657.0 1837.0 
person 0.90437078476 2917.0 951.0 2945.0 1013.0 
person 0.885964870453 2504.0 953.0 2531.0 1031.0 
person 0.876218557358 2677.0 959.0 2699.0 1006.0 
person 0.872989475727 2026.0 965.0 2046.0 1015.0 
person 0.872649729252 486.0 964.0 531.0 1078.0 
person 0.840445101261 286.0 961.0 329.0 1012.0 
person 0.693060278893 2826.0 952.0 2850.0 1023.0 
