person 0.985871970654 2144.0 961.0 2178.0 1025.0 
person 0.964810907841 2727.0 952.0 2758.0 1019.0 
person 0.942515969276 2448.0 959.0 2470.0 1023.0 
person 0.93277823925 2504.0 952.0 2527.0 1029.0 
person 0.920685350895 2847.0 951.0 2874.0 1028.0 
person 0.897251605988 979.0 968.0 1011.0 1062.0 
person 0.88407933712 2026.0 967.0 2048.0 1016.0 
person 0.882802724838 0.0 1459.0 682.0 1830.0 
person 0.87408131361 2677.0 958.0 2697.0 1006.0 
person 0.869553685188 286.0 958.0 327.0 1011.0 
person 0.7831184268 2918.0 954.0 2946.0 1012.0 
person 0.743114054203 2825.0 950.0 2850.0 1023.0 
person 0.712106227875 483.0 966.0 529.0 1025.0 
