person 0.986720025539 0.0 1460.0 797.0 1836.0 
person 0.977663934231 2144.0 962.0 2173.0 1023.0 
person 0.970731914043 976.0 967.0 1008.0 1068.0 
person 0.969904363155 2492.0 955.0 2539.0 1029.0 
person 0.958544909954 2730.0 955.0 2756.0 1023.0 
person 0.947349786758 2849.0 951.0 2880.0 1031.0 
person 0.935107886791 2449.0 957.0 2475.0 1024.0 
person 0.899813354015 287.0 959.0 327.0 1006.0 
person 0.888553857803 2675.0 958.0 2695.0 1006.0 
person 0.880643069744 2025.0 965.0 2046.0 1015.0 
person 0.862367987633 478.0 963.0 524.0 1020.0 
person 0.79582118988 2824.0 948.0 2849.0 1024.0 
person 0.712732613087 2918.0 953.0 2947.0 1013.0 
