person 0.993018686771 2481.0 955.0 2543.0 1035.0 
person 0.974561572075 2143.0 965.0 2169.0 1025.0 
person 0.962499320507 974.0 966.0 1006.0 1069.0 
person 0.953143060207 2729.0 954.0 2755.0 1023.0 
person 0.949049949646 21.0 1421.0 823.0 1874.0 
person 0.942577421665 2849.0 952.0 2881.0 1031.0 
person 0.927143573761 2673.0 957.0 2692.0 1006.0 
person 0.890940070152 2450.0 957.0 2473.0 1022.0 
person 0.889775156975 2823.0 948.0 2848.0 1024.0 
person 0.878497123718 2025.0 965.0 2045.0 1015.0 
person 0.875400900841 477.0 963.0 523.0 1017.0 
person 0.851701021194 284.0 959.0 327.0 1006.0 
person 0.666016936302 2919.0 952.0 2946.0 1012.0 
