person 0.990285933018 2478.0 957.0 2539.0 1036.0 
person 0.976870417595 2142.0 964.0 2167.0 1025.0 
person 0.954922258854 2850.0 951.0 2881.0 1029.0 
person 0.951059162617 2727.0 952.0 2754.0 1021.0 
person 0.941546499729 972.0 964.0 1005.0 1068.0 
person 0.92563277483 2822.0 947.0 2849.0 1024.0 
person 0.904883146286 476.0 965.0 521.0 1016.0 
person 0.903299689293 2450.0 958.0 2475.0 1022.0 
person 0.902619898319 16.0 1431.0 940.0 1841.0 
person 0.848411977291 2025.0 965.0 2046.0 1016.0 
person 0.832483053207 2670.0 957.0 2690.0 1005.0 
person 0.773884236813 281.0 959.0 326.0 1006.0 
person 0.730392813683 2918.0 953.0 2946.0 1013.0 
