person 0.970103144646 0.0 1431.0 931.0 1884.0 
person 0.964090585709 2144.0 961.0 2167.0 1027.0 
person 0.945812940598 2727.0 947.0 2754.0 1022.0 
person 0.945785522461 2817.0 947.0 2846.0 1024.0 
person 0.939417660236 475.0 964.0 521.0 1016.0 
person 0.925446808338 2454.0 961.0 2478.0 1024.0 
person 0.90982568264 971.0 964.0 1004.0 1065.0 
person 0.908393979073 2498.0 959.0 2529.0 1035.0 
person 0.886100411415 2665.0 960.0 2689.0 1008.0 
person 0.882878482342 2855.0 948.0 2884.0 1029.0 
person 0.846932172775 279.0 956.0 322.0 1006.0 
person 0.781110405922 2028.0 965.0 2049.0 1018.0 
