person 0.9675796628 2144.0 961.0 2167.0 1027.0 
person 0.957564949989 970.0 964.0 1004.0 1067.0 
person 0.953939795494 2725.0 950.0 2753.0 1023.0 
person 0.941720426083 2816.0 938.0 2845.0 1024.0 
person 0.930854141712 475.0 963.0 521.0 1016.0 
person 0.929154038429 0.0 1440.0 950.0 1884.0 
person 0.920467019081 2454.0 960.0 2478.0 1024.0 
person 0.914964616299 2029.0 965.0 2051.0 1017.0 
person 0.889289557934 2500.0 957.0 2527.0 1034.0 
person 0.874446749687 2665.0 960.0 2688.0 1007.0 
person 0.859726369381 279.0 956.0 322.0 1007.0 
person 0.822312414646 2857.0 948.0 2884.0 1029.0 
