person 0.979401171207 0.0 1464.0 985.0 1867.0 
person 0.974794626236 2145.0 964.0 2170.0 1027.0 
person 0.968259811401 2866.0 952.0 2892.0 1029.0 
person 0.967610001564 2813.0 947.0 2843.0 1026.0 
person 0.965970635414 2726.0 950.0 2753.0 1025.0 
person 0.947651565075 971.0 965.0 1005.0 1067.0 
person 0.947458386421 2463.0 961.0 2485.0 1025.0 
person 0.944517314434 2033.0 964.0 2054.0 1015.0 
person 0.890774309635 282.0 957.0 322.0 1008.0 
person 0.8832269907 2503.0 952.0 2534.0 1038.0 
person 0.856561303139 472.0 964.0 520.0 1016.0 
person 0.816908359528 2664.0 961.0 2682.0 1007.0 
person 0.770213365555 356.0 959.0 391.0 1014.0 
person 0.730128467083 2921.0 954.0 2948.0 1014.0 
