person 0.980078220367 2866.0 951.0 2897.0 1029.0 
person 0.97444576025 2146.0 964.0 2171.0 1025.0 
person 0.963175535202 971.0 965.0 1005.0 1068.0 
person 0.960169672966 2812.0 945.0 2842.0 1026.0 
person 0.958593547344 2726.0 952.0 2753.0 1024.0 
person 0.952112257481 2463.0 961.0 2486.0 1025.0 
person 0.950224339962 2033.0 963.0 2054.0 1015.0 
person 0.943940520287 2502.0 953.0 2536.0 1039.0 
person 0.900014519691 281.0 961.0 323.0 1006.0 
person 0.868301451206 353.0 953.0 388.0 1012.0 
person 0.837612092495 2664.0 960.0 2681.0 1007.0 
person 0.836536884308 0.0 1456.0 984.0 1870.0 
person 0.701989769936 476.0 968.0 519.0 1015.0 
person 0.656757116318 2922.0 954.0 2948.0 1014.0 
