person 0.975725293159 2866.0 953.0 2897.0 1030.0 
person 0.973511219025 2146.0 964.0 2171.0 1026.0 
person 0.962553679943 2726.0 951.0 2753.0 1024.0 
person 0.956262350082 2463.0 961.0 2486.0 1027.0 
person 0.954531490803 2034.0 964.0 2054.0 1016.0 
person 0.950821995735 0.0 1460.0 1009.0 1856.0 
person 0.950333714485 971.0 964.0 1005.0 1068.0 
person 0.948867380619 2810.0 944.0 2840.0 1025.0 
person 0.912663817406 280.0 959.0 321.0 1008.0 
person 0.895600795746 2500.0 959.0 2537.0 1041.0 
person 0.855594873428 356.0 958.0 388.0 1012.0 
person 0.84501940012 2662.0 959.0 2679.0 1004.0 
person 0.840254187584 468.0 965.0 521.0 1015.0 
person 0.786691665649 467.0 964.0 521.0 1069.0 
person 0.672600567341 2922.0 953.0 2948.0 1013.0 
