person 0.980084955692 2145.0 962.0 2172.0 1027.0 
person 0.976880908012 2726.0 951.0 2753.0 1023.0 
person 0.969180166721 970.0 965.0 1005.0 1068.0 
person 0.967747747898 2866.0 948.0 2900.0 1030.0 
person 0.956949293613 2463.0 960.0 2487.0 1026.0 
person 0.934071660042 0.0 1466.0 958.0 1886.0 
person 0.925012290478 469.0 962.0 519.0 1080.0 
person 0.923419117928 2805.0 949.0 2836.0 1027.0 
person 0.921253681183 2034.0 967.0 2056.0 1019.0 
person 0.916246294975 356.0 956.0 387.0 1011.0 
person 0.910827279091 2659.0 958.0 2679.0 1005.0 
person 0.879313230515 2497.0 954.0 2536.0 1042.0 
person 0.822761118412 281.0 959.0 321.0 1009.0 
person 0.711594998837 2922.0 952.0 2947.0 1014.0 
