person 0.981293618679 2146.0 961.0 2172.0 1027.0 
person 0.976182222366 2865.0 948.0 2900.0 1029.0 
person 0.973723113537 2727.0 953.0 2753.0 1022.0 
person 0.97214859724 970.0 964.0 1006.0 1069.0 
person 0.961340487003 2464.0 962.0 2487.0 1025.0 
person 0.959105074406 2035.0 966.0 2056.0 1016.0 
person 0.917810380459 2496.0 954.0 2535.0 1041.0 
person 0.911343872547 2658.0 957.0 2679.0 1006.0 
person 0.90916466713 0.0 1466.0 1005.0 1879.0 
person 0.871748268604 473.0 963.0 519.0 1035.0 
person 0.867600500584 357.0 958.0 388.0 1014.0 
person 0.860579252243 279.0 958.0 321.0 1008.0 
person 0.789775550365 2804.0 948.0 2834.0 1026.0 
person 0.688561558723 2922.0 951.0 2948.0 1014.0 
