person 0.97883695364 2146.0 962.0 2173.0 1028.0 
person 0.975811898708 2727.0 952.0 2753.0 1022.0 
person 0.971061050892 970.0 964.0 1006.0 1069.0 
person 0.958220899105 2465.0 962.0 2487.0 1025.0 
person 0.95351421833 2035.0 966.0 2056.0 1017.0 
person 0.952179193497 0.0 1465.0 969.0 1870.0 
person 0.944439947605 2871.0 949.0 2901.0 1026.0 
person 0.937532544136 2494.0 955.0 2531.0 1042.0 
person 0.912455618382 471.0 965.0 518.0 1014.0 
person 0.877569854259 2802.0 946.0 2831.0 1024.0 
person 0.80661547184 354.0 954.0 388.0 1012.0 
person 0.795932114124 2656.0 958.0 2677.0 1005.0 
person 0.759862542152 280.0 958.0 322.0 1009.0 
