person 0.984252154827 2149.0 960.0 2176.0 1027.0 
person 0.97946280241 2787.0 952.0 2829.0 1027.0 
person 0.971035778522 969.0 967.0 1005.0 1072.0 
person 0.965268850327 2725.0 949.0 2754.0 1025.0 
person 0.953208208084 2648.0 959.0 2675.0 1005.0 
person 0.945905327797 2486.0 960.0 2522.0 1042.0 
person 0.937130689621 0.0 1469.0 1032.0 1856.0 
person 0.932628273964 2039.0 965.0 2058.0 1016.0 
person 0.902636706829 2883.0 951.0 2907.0 1024.0 
person 0.871450543404 357.0 957.0 386.0 1011.0 
person 0.856850802898 472.0 964.0 518.0 1018.0 
person 0.827881574631 282.0 958.0 324.0 1008.0 
person 0.821352303028 2466.0 962.0 2491.0 1025.0 
