person 0.983786165714 2150.0 961.0 2176.0 1030.0 
person 0.977692186832 970.0 967.0 1005.0 1073.0 
person 0.969384431839 2786.0 952.0 2827.0 1027.0 
person 0.963014662266 2647.0 959.0 2674.0 1006.0 
person 0.947018027306 2725.0 949.0 2753.0 1024.0 
person 0.939428210258 2040.0 966.0 2060.0 1017.0 
person 0.881951332092 2884.0 953.0 2909.0 1028.0 
person 0.829704105854 23.0 1450.0 835.0 1888.0 
person 0.828935146332 2485.0 964.0 2518.0 1039.0 
person 0.815726339817 279.0 958.0 322.0 1012.0 
person 0.808726668358 2467.0 960.0 2490.0 1029.0 
person 0.754723310471 2921.0 951.0 2946.0 1013.0 
person 0.71638572216 479.0 967.0 517.0 1016.0 
