person 0.983289420605 2151.0 963.0 2177.0 1031.0 
person 0.978260695934 970.0 967.0 1005.0 1072.0 
person 0.962996184826 2785.0 950.0 2821.0 1026.0 
person 0.952389121056 2043.0 966.0 2065.0 1017.0 
person 0.939549684525 2724.0 951.0 2752.0 1024.0 
person 0.917651951313 2471.0 961.0 2511.0 1043.0 
person 0.909924924374 2646.0 958.0 2671.0 1007.0 
person 0.895898640156 476.0 963.0 517.0 1018.0 
person 0.894810438156 280.0 956.0 324.0 1012.0 
person 0.877863049507 2884.0 955.0 2913.0 1026.0 
person 0.869906246662 0.0 1466.0 1044.0 1861.0 
person 0.866692364216 2920.0 951.0 2945.0 1015.0 
