person 0.978056550026 2151.0 963.0 2179.0 1031.0 
person 0.96768862009 970.0 967.0 1004.0 1073.0 
person 0.962054908276 2043.0 965.0 2066.0 1019.0 
person 0.930285453796 474.0 964.0 519.0 1017.0 
person 0.929889023304 2724.0 950.0 2751.0 1024.0 
person 0.919807255268 2468.0 957.0 2499.0 1042.0 
person 0.915347516537 2785.0 953.0 2816.0 1025.0 
person 0.89250421524 2918.0 949.0 2944.0 1014.0 
person 0.881671905518 2645.0 958.0 2664.0 1006.0 
person 0.867680191994 12.0 1467.0 865.0 1894.0 
person 0.863178610802 2885.0 957.0 2916.0 1027.0 
person 0.857672095299 281.0 958.0 325.0 1009.0 
