person 0.988219857216 2156.0 962.0 2180.0 1029.0 
person 0.983350038528 2459.0 961.0 2496.0 1043.0 
person 0.963781654835 973.0 966.0 1006.0 1071.0 
person 0.947661936283 2782.0 953.0 2803.0 1024.0 
person 0.940545856953 2724.0 949.0 2750.0 1025.0 
person 0.938294053078 2046.0 966.0 2068.0 1017.0 
person 0.91872048378 2640.0 958.0 2660.0 1005.0 
person 0.88148111105 279.0 959.0 324.0 1008.0 
person 0.872987270355 2918.0 949.0 2942.0 1014.0 
person 0.871669054031 477.0 965.0 520.0 1019.0 
person 0.860750079155 2889.0 953.0 2920.0 1030.0 
person 0.843492329121 0.0 1474.0 997.0 1886.0 
