person 0.988712906837 2445.0 965.0 2493.0 1044.0 
person 0.976703345776 2159.0 962.0 2181.0 1028.0 
person 0.962076306343 2893.0 951.0 2922.0 1028.0 
person 0.95990729332 972.0 967.0 1007.0 1070.0 
person 0.929150044918 2048.0 966.0 2068.0 1017.0 
person 0.925842523575 2722.0 949.0 2748.0 1024.0 
person 0.887537837029 2633.0 958.0 2656.0 1009.0 
person 0.881325244904 479.0 970.0 521.0 1020.0 
person 0.880723714828 283.0 959.0 322.0 1009.0 
person 0.867791652679 2775.0 954.0 2800.0 1025.0 
person 0.791022956371 2919.0 949.0 2942.0 1014.0 
person 0.718710422516 349.0 960.0 394.0 1012.0 
person 0.669273436069 25.0 1454.0 944.0 1878.0 
