person 0.971687555313 973.0 968.0 1007.0 1072.0 
person 0.966554641724 2162.0 960.0 2184.0 1030.0 
person 0.963464975357 2439.0 966.0 2479.0 1043.0 
person 0.959408044815 2768.0 955.0 2799.0 1025.0 
person 0.944714009762 2723.0 946.0 2748.0 1024.0 
person 0.932989060879 2627.0 957.0 2656.0 1006.0 
person 0.926893651485 2896.0 953.0 2925.0 1027.0 
person 0.901355743408 480.0 967.0 523.0 1020.0 
person 0.84823679924 2051.0 968.0 2069.0 1018.0 
person 0.848148703575 285.0 960.0 322.0 1010.0 
person 0.843355715275 41.0 1471.0 995.0 1880.0 
person 0.798781514168 2916.0 952.0 2940.0 1014.0 
person 0.733790636063 2469.0 958.0 2491.0 1036.0 
