person 0.970684170723 973.0 968.0 1007.0 1073.0 
person 0.964128911495 2163.0 961.0 2184.0 1031.0 
person 0.951843261719 2723.0 946.0 2747.0 1024.0 
person 0.934395134449 2767.0 957.0 2797.0 1025.0 
person 0.93029242754 2896.0 951.0 2926.0 1027.0 
person 0.929905712605 2440.0 968.0 2476.0 1043.0 
person 0.915567815304 2627.0 959.0 2654.0 1007.0 
person 0.891083836555 481.0 966.0 524.0 1020.0 
person 0.844329833984 2051.0 968.0 2070.0 1018.0 
person 0.842721283436 38.0 1472.0 998.0 1873.0 
person 0.815651834011 2468.0 961.0 2490.0 1033.0 
person 0.805996537209 2916.0 951.0 2939.0 1013.0 
person 0.799622774124 287.0 959.0 321.0 1010.0 
person 0.683031499386 2902.0 949.0 2934.0 1017.0 
