person 0.968424260616 979.0 968.0 1011.0 1072.0 
person 0.964649140835 2765.0 953.0 2794.0 1025.0 
person 0.959799051285 2056.0 965.0 2081.0 1018.0 
person 0.957836568356 2166.0 963.0 2198.0 1030.0 
person 0.94046664238 2471.0 961.0 2493.0 1029.0 
person 0.939206659794 2723.0 945.0 2748.0 1024.0 
person 0.935423433781 2899.0 950.0 2929.0 1029.0 
person 0.861406028271 2915.0 948.0 2936.0 1020.0 
person 0.846063792706 488.0 965.0 524.0 1022.0 
person 0.844686329365 288.0 958.0 327.0 1014.0 
person 0.819316804409 2626.0 956.0 2647.0 1007.0 
person 0.711006462574 2437.0 966.0 2464.0 1044.0 
