person 0.983287334442 2164.0 965.0 2198.0 1031.0 
person 0.978440761566 2055.0 967.0 2085.0 1020.0 
person 0.971170663834 979.0 970.0 1012.0 1073.0 
person 0.944460332394 2723.0 952.0 2746.0 1024.0 
person 0.941657483578 2471.0 961.0 2494.0 1029.0 
person 0.931208670139 2901.0 949.0 2935.0 1029.0 
person 0.894254982471 2760.0 954.0 2786.0 1024.0 
person 0.890196740627 2428.0 968.0 2456.0 1041.0 
person 0.840436935425 290.0 962.0 329.0 1014.0 
person 0.840296387672 26.0 1474.0 997.0 1873.0 
person 0.812420487404 2622.0 954.0 2641.0 1008.0 
