person 0.968439877033 2408.0 971.0 2439.0 1041.0 
person 0.961768984795 2898.0 949.0 2929.0 1031.0 
person 0.960185170174 2175.0 961.0 2196.0 1031.0 
person 0.94989413023 2716.0 955.0 2741.0 1024.0 
person 0.944334805012 2468.0 962.0 2495.0 1032.0 
person 0.924611091614 983.0 972.0 1013.0 1070.0 
person 0.916927039623 2610.0 957.0 2630.0 1009.0 
person 0.90732806921 2750.0 956.0 2776.0 1023.0 
person 0.862779200077 2062.0 970.0 2082.0 1020.0 
person 0.829219162464 293.0 963.0 332.0 1015.0 
person 0.72553807497 362.0 961.0 411.0 1062.0 
