person 0.964238405228 2898.0 950.0 2930.0 1031.0 
person 0.964169681072 2176.0 961.0 2197.0 1031.0 
person 0.954790830612 2715.0 956.0 2741.0 1024.0 
person 0.94901573658 984.0 971.0 1014.0 1073.0 
person 0.944116353989 2468.0 962.0 2496.0 1033.0 
person 0.943418562412 2408.0 971.0 2438.0 1040.0 
person 0.92382979393 2607.0 957.0 2630.0 1007.0 
person 0.923583090305 2748.0 955.0 2775.0 1022.0 
person 0.830206334591 294.0 962.0 336.0 1015.0 
person 0.823242902756 2063.0 971.0 2083.0 1020.0 
person 0.790083765984 361.0 964.0 414.0 1070.0 
person 0.690455138683 493.0 968.0 535.0 1023.0 
person 0.629071593285 637.0 979.0 661.0 1018.0 
