person 0.964765191078 985.0 971.0 1014.0 1071.0 
person 0.961236834526 2898.0 950.0 2930.0 1030.0 
person 0.95735669136 2177.0 963.0 2198.0 1030.0 
person 0.952953338623 2468.0 962.0 2495.0 1035.0 
person 0.946141958237 2715.0 956.0 2740.0 1024.0 
person 0.89279460907 2405.0 968.0 2436.0 1041.0 
person 0.885253369808 2748.0 956.0 2775.0 1022.0 
person 0.882574379444 2606.0 953.0 2629.0 1009.0 
person 0.860453546047 2064.0 971.0 2084.0 1020.0 
person 0.820419788361 294.0 961.0 336.0 1016.0 
person 0.773452877998 498.0 964.0 537.0 1030.0 
person 0.688417196274 362.0 964.0 409.0 1023.0 
