person 0.967005252838 2178.0 964.0 2198.0 1031.0 
person 0.964971780777 985.0 971.0 1014.0 1073.0 
person 0.961946487427 2897.0 950.0 2930.0 1030.0 
person 0.959814190865 2468.0 962.0 2496.0 1037.0 
person 0.944754958153 2603.0 955.0 2628.0 1008.0 
person 0.904976785183 2403.0 969.0 2432.0 1042.0 
person 0.887999892235 2713.0 957.0 2737.0 1027.0 
person 0.840157687664 499.0 965.0 537.0 1027.0 
person 0.83107405901 295.0 961.0 336.0 1017.0 
person 0.828298270702 2065.0 970.0 2083.0 1020.0 
person 0.814476370811 2746.0 958.0 2771.0 1023.0 
