person 0.974908590317 2468.0 965.0 2496.0 1036.0 
person 0.969673335552 2386.0 971.0 2424.0 1042.0 
person 0.963591754436 2177.0 966.0 2213.0 1033.0 
person 0.948397159576 2891.0 953.0 2935.0 1026.0 
person 0.936519682407 993.0 971.0 1018.0 1071.0 
person 0.902817368507 2712.0 963.0 2733.0 1026.0 
person 0.899086773396 298.0 962.0 338.0 1020.0 
person 0.868618428707 2068.0 970.0 2092.0 1020.0 
person 0.868150293827 2744.0 959.0 2765.0 1024.0 
person 0.835575401783 2596.0 958.0 2616.0 1008.0 
person 0.703497648239 500.0 968.0 539.0 1026.0 
