person 0.981148540974 2378.0 972.0 2419.0 1042.0 
person 0.978806912899 2176.0 966.0 2213.0 1033.0 
person 0.964685738087 2894.0 951.0 2930.0 1026.0 
person 0.954397797585 2468.0 965.0 2494.0 1037.0 
person 0.925854325294 992.0 973.0 1017.0 1073.0 
person 0.920325219631 2709.0 961.0 2731.0 1028.0 
person 0.919091284275 2069.0 974.0 2094.0 1020.0 
person 0.892895996571 300.0 962.0 341.0 1021.0 
person 0.679929852486 2592.0 957.0 2608.0 1009.0 
person 0.661905288696 500.0 971.0 539.0 1027.0 
person 0.644904375076 2741.0 956.0 2767.0 1022.0 
