person 0.98585909605 2178.0 965.0 2211.0 1033.0 
person 0.971647083759 2379.0 971.0 2411.0 1040.0 
person 0.955226063728 2894.0 953.0 2930.0 1027.0 
person 0.952096283436 2468.0 965.0 2495.0 1037.0 
person 0.92613196373 995.0 973.0 1019.0 1071.0 
person 0.918255567551 2709.0 960.0 2730.0 1028.0 
person 0.914696156979 2070.0 977.0 2095.0 1021.0 
person 0.8801202178 301.0 964.0 342.0 1023.0 
person 0.816456258297 502.0 969.0 541.0 1027.0 
person 0.785049915314 2589.0 959.0 2607.0 1010.0 
person 0.653832376003 644.0 977.0 672.0 1025.0 
person 0.632363915443 2740.0 957.0 2765.0 1022.0 
