person 0.963347017765 2894.0 952.0 2924.0 1027.0 
person 0.961997866631 2194.0 963.0 2213.0 1029.0 
person 0.957230687141 2468.0 963.0 2498.0 1039.0 
person 0.92692065239 2580.0 960.0 2606.0 1010.0 
person 0.926094532013 2709.0 953.0 2731.0 1026.0 
person 0.894287705421 996.0 972.0 1019.0 1070.0 
person 0.851580321789 306.0 965.0 349.0 1022.0 
person 0.826783061028 2870.0 959.0 2894.0 1018.0 
person 0.803382456303 2077.0 971.0 2096.0 1019.0 
person 0.785280823708 2741.0 955.0 2765.0 1022.0 
person 0.757219731808 2374.0 969.0 2399.0 1040.0 
person 0.713840961456 16.0 1504.0 961.0 1885.0 
