person 0.970285594463 2194.0 965.0 2217.0 1031.0 
person 0.949616551399 2471.0 961.0 2500.0 1040.0 
person 0.940069139004 2709.0 957.0 2731.0 1027.0 
person 0.937189400196 2895.0 952.0 2923.0 1028.0 
person 0.920840740204 995.0 973.0 1019.0 1069.0 
person 0.907517492771 2742.0 955.0 2765.0 1023.0 
person 0.900023877621 2370.0 966.0 2397.0 1037.0 
person 0.861767411232 2078.0 970.0 2098.0 1018.0 
person 0.861206173897 2869.0 955.0 2893.0 1017.0 
person 0.856641709805 2581.0 960.0 2605.0 1009.0 
person 0.833367645741 307.0 966.0 350.0 1023.0 
person 0.787297844887 13.0 1511.0 949.0 1860.0 
