person 0.97316044569 2193.0 966.0 2225.0 1031.0 
person 0.967270493507 2472.0 966.0 2500.0 1041.0 
person 0.939200162888 2366.0 966.0 2391.0 1036.0 
person 0.933906316757 2893.0 954.0 2918.0 1026.0 
person 0.925848722458 992.0 972.0 1018.0 1070.0 
person 0.924434483051 2708.0 957.0 2728.0 1027.0 
person 0.859846889973 2867.0 957.0 2893.0 1020.0 
person 0.833955943584 2080.0 971.0 2100.0 1018.0 
person 0.812763512135 308.0 964.0 350.0 1022.0 
person 0.782882213593 2579.0 960.0 2597.0 1009.0 
person 0.764110863209 26.0 1484.0 946.0 1852.0 
person 0.640813648701 385.0 965.0 417.0 1026.0 
