person 0.974246501923 2892.0 953.0 2917.0 1025.0 
person 0.970540881157 2195.0 966.0 2226.0 1030.0 
person 0.956088662148 2472.0 966.0 2502.0 1043.0 
person 0.92090255022 992.0 972.0 1017.0 1069.0 
person 0.906250178814 2079.0 972.0 2102.0 1018.0 
person 0.902704358101 2708.0 955.0 2728.0 1027.0 
person 0.849201381207 2869.0 956.0 2890.0 1017.0 
person 0.848466396332 2363.0 971.0 2389.0 1037.0 
person 0.82325810194 309.0 964.0 351.0 1022.0 
person 0.809807240963 2578.0 959.0 2596.0 1009.0 
person 0.770430028439 5.0 1491.0 1040.0 1864.0 
