person 0.98131942749 2891.0 953.0 2917.0 1025.0 
person 0.973170936108 2196.0 966.0 2226.0 1031.0 
person 0.957787752151 2474.0 967.0 2501.0 1042.0 
person 0.924173593521 993.0 972.0 1017.0 1071.0 
person 0.916294038296 2080.0 971.0 2102.0 1018.0 
person 0.904259085655 2361.0 969.0 2386.0 1037.0 
person 0.891167640686 2708.0 954.0 2728.0 1027.0 
person 0.8105686903 310.0 965.0 351.0 1025.0 
person 0.771920025349 2868.0 956.0 2889.0 1018.0 
person 0.716915667057 385.0 963.0 420.0 1028.0 
person 0.601741790771 27.0 1491.0 898.0 1868.0 
person 0.60042822361 2575.0 961.0 2593.0 1010.0 
