person 0.98754738 467 948 484 1001 
person 0.96951447 43 949 52 975 
person 0.96264389 60 948 72 976 
person 0.94216797 27 950 36 975 
person 0.9979467 912 962 941 1098 
person 0.98337578 715 949 751 1047 
person 0.9986113 1497 954 1527 1051 
person 0.9806076 1259 952 1271 995 
person 0.74715736 1118 955 1133 1003 
person 0.50623375 1392 953 1404 972 
person 0.99753792 1937 952 1958 1010 
person 0.98702179 1767 958 1793 1006 
person 0.99820915 2583 949 2609 1020 
person 0.99504356 3591 949 3638 1082 
