person 0.99232857 468 948 484 1001 
person 0.96826973 77 949 87 974 
person 0.95875084 92 949 102 975 
person 0.91644264 59 951 72 976 
person 0.99837044 947 954 1010 1082 
person 0.99808388 716 949 752 1043 
person 0.99802521 792 960 821 1036 
person 0.98737808 1304 955 1322 996 
person 0.95992355 1437 960 1462 1034 
person 0.86526917 1165 963 1201 1001 
person 0.594599 1392 953 1403 972 
person 0.99722153 1696 956 1719 1007 
person 0.99607346 1928 953 1949 1010 
person 0.99921829 2584 948 2608 1022 
person 0.9951239 3555 949 3581 1067 
person 0.50296169 3584 973 3599 1044 
