person 0.99240448 468 948 484 1001 
person 0.97280754 77 949 88 974 
person 0.95341072 92 949 102 975 
person 0.90969612 61 951 75 975 
person 0.99834572 716 949 752 1043 
person 0.9978759 951 953 1010 1083 
person 0.99781487 792 960 821 1035 
person 0.99009689 1436 959 1461 1035 
person 0.98981575 1304 954 1322 996 
person 0.96941338 1166 961 1202 1001 
person 0.60303825 1392 953 1403 972 
person 0.99730476 1696 956 1719 1007 
person 0.99543938 1928 953 1949 1010 
person 0.99922142 2584 949 2608 1021 
person 0.99598587 3555 949 3581 1067 
person 0.52524715 3584 973 3599 1042 
