person 0.99073051 469 949 485 1000 
person 0.98654274 77 949 91 975 
person 0.97126656 62 951 77 975 
person 0.74011848 97 948 105 973 
person 0.99945488 792 958 834 1035 
person 0.99758247 717 950 753 1043 
person 0.99579811 963 957 1017 1080 
person 0.99776871 1431 958 1456 1030 
person 0.98836151 1308 953 1323 994 
person 0.93392639 1190 962 1213 1001 
person 0.57296093 1392 953 1403 972 
person 0.99806473 1928 953 1948 1012 
person 0.98937973 1691 956 1713 1004 
person 0.99954491 2585 950 2611 1021 
person 0.99247971 3556 947 3581 1066 
