person 0.9917218 469 949 485 1000 
person 0.9789489 79 949 91 974 
person 0.97223167 63 951 77 975 
person 0.8423069 98 949 107 973 
person 0.99918526 795 958 838 1034 
person 0.99785912 717 950 754 1042 
person 0.99332092 967 957 1018 1077 
person 0.99612167 1426 956 1454 1028 
person 0.99419724 1311 952 1324 995 
person 0.96613441 1194 963 1216 1000 
person 0.56944675 1392 953 1403 972 
person 0.99809021 1928 953 1947 1012 
person 0.9915081 1689 955 1712 1005 
person 0.99956543 2585 950 2611 1020 
person 0.98237328 3554 948 3582 1066 
