person 0.98706673 83 949 92 975 
person 0.98209503 99 949 110 975 
person 0.96793976 67 950 77 976 
person 0.95334259 470 949 484 999 
person 0.99864464 720 952 757 1041 
person 0.99823265 808 957 844 1034 
person 0.98569397 986 962 1019 1071 
person 0.9855497 1313 952 1330 998 
person 0.98451736 1420 961 1446 1028 
person 0.96881386 1200 960 1240 1000 
person 0.51549416 1392 953 1403 973 
person 0.99729836 1927 953 1944 1011 
person 0.99291702 1686 957 1707 1008 
person 0.99941727 2585 950 2612 1020 
person 0.91272469 3554 986 3583 1061 
