person 0.99150948 86 949 94 976 
person 0.98839417 101 949 112 975 
person 0.98385468 70 950 80 975 
person 0.97345993 470 950 485 999 
person 0.99885597 826 954 846 1032 
person 0.99207375 734 949 759 1044 
person 0.98216225 995 959 1023 1074 
person 0.98843056 1414 961 1439 1027 
person 0.98580368 1316 951 1333 997 
person 0.64565727 1227 959 1247 1000 
person 0.56667202 1392 953 1403 973 
person 0.99683502 1924 953 1942 1012 
person 0.9909304 1686 959 1706 1005 
person 0.99933144 2585 950 2612 1020 
person 0.86613899 3565 957 3583 1055 
