person 0.98776215 466 947 484 1001 
person 0.96709915 31 951 42 975 
person 0.96193024 46 949 57 975 
person 0.95968636 66 948 76 976 
person 0.99588951 912 962 941 1099 
person 0.99235855 719 950 755 1043 
person 0.99751297 1499 954 1528 1049 
person 0.97641914 1259 952 1272 995 
person 0.86564209 1118 957 1135 1002 
person 0.51596886 1392 953 1404 973 
person 0.998442 1939 953 1960 1010 
person 0.98734787 1759 955 1788 1005 
person 0.99893265 2582 948 2606 1021 
person 0.99904091 3585 951 3639 1083 
