person 0.98620369 86 949 95 975 
person 0.98483917 70 951 81 975 
person 0.97993362 101 949 112 975 
person 0.97450157 470 949 485 999 
person 0.99936661 828 954 847 1033 
person 0.99437981 732 952 764 1042 
person 0.9136792 995 955 1022 1068 
person 0.99222054 1413 959 1439 1028 
person 0.98646851 1317 950 1334 998 
person 0.87742081 1233 960 1252 1000 
person 0.62108974 1392 953 1403 973 
person 0.9967762 1924 953 1943 1012 
person 0.99235756 1686 959 1705 1005 
person 0.99925797 2585 950 2612 1020 
person 0.9088102 3564 956 3583 1056 
