person 0.98810692 86 950 95 976 
person 0.98697289 70 951 81 975 
person 0.97819649 103 949 113 975 
person 0.97680992 470 949 485 999 
person 0.99930634 830 954 849 1032 
person 0.99651131 734 951 765 1043 
person 0.88664696 999 955 1023 1067 
person 0.9891449 1317 950 1335 998 
person 0.98142975 1412 959 1438 1026 
person 0.95640221 1233 960 1253 1000 
person 0.62670345 1392 953 1403 972 
person 0.99651321 1924 953 1942 1011 
person 0.98881035 1685 959 1705 1004 
person 0.99911606 2585 950 2612 1020 
person 0.96064209 3560 949 3583 1065 
