person 0.98777222 86 950 95 976 
person 0.98671394 70 951 81 975 
person 0.976567 470 949 485 1000 
person 0.97607666 103 949 113 975 
person 0.99933464 830 954 849 1032 
person 0.99634377 734 951 765 1043 
person 0.88650223 999 955 1023 1067 
person 0.98926956 1317 950 1335 998 
person 0.98149239 1412 959 1438 1026 
person 0.96435188 1233 960 1253 1000 
person 0.60746651 1392 953 1403 972 
person 0.99648613 1923 953 1942 1011 
person 0.98834183 1685 959 1705 1004 
person 0.99904251 2585 950 2612 1020 
person 0.95548752 3560 949 3583 1065 
