person 0.98776215 466 947 484 1001 
person 0.97671829 31 951 43 975 
person 0.96982689 46 950 57 975 
person 0.95262054 66 948 76 976 
person 0.99587639 912 962 941 1099 
person 0.99265137 720 950 755 1044 
person 0.99764183 1499 954 1528 1049 
person 0.97661575 1259 952 1272 995 
person 0.82553955 1119 959 1132 1003 
person 0.51564919 1392 953 1404 973 
person 0.99846367 1939 953 1960 1010 
person 0.98531548 1758 955 1788 1006 
person 0.99890961 2582 948 2606 1021 
person 0.99761185 3585 952 3639 1083 
