person 0.98540657 72 950 84 975 
person 0.97721878 104 949 115 975 
person 0.97492027 469 949 485 999 
person 0.96125534 87 950 98 974 
person 0.99938652 739 953 772 1040 
person 0.99895393 835 955 857 1031 
person 0.78066322 1006 966 1023 1070 
person 0.99674805 1319 955 1339 998 
person 0.99204933 1405 962 1435 1024 
person 0.97948616 1240 959 1280 1000 
person 0.91939568 1024 977 1039 1059 
person 0.5249297 1392 952 1404 972 
person 0.99724144 1923 953 1942 1011 
person 0.91230766 1680 963 1702 1004 
person 0.99850723 2585 950 2611 1021 
person 0.9840683 3560 948 3583 1063 
person 0.60436394 3584 964 3604 1026 
