person 0.9874987 469 949 485 1000 
person 0.98128014 108 948 117 975 
person 0.97994904 75 951 88 975 
person 0.97439995 91 950 100 975 
person 0.99940262 738 955 783 1040 
person 0.99894104 840 960 864 1032 
person 0.99477676 1406 962 1430 1023 
person 0.99384232 1323 956 1342 999 
person 0.95067055 1024 960 1054 1063 
person 0.90909355 1261 959 1288 998 
person 0.99699265 1923 953 1942 1011 
person 0.99262482 1677 961 1702 1004 
person 0.9985688 2585 950 2611 1020 
person 0.99138023 3560 950 3583 1063 
person 0.77787231 3584 961 3599 1024 
