person 0.98696091 469 949 485 1000 
person 0.9823439 76 951 88 975 
person 0.97403915 108 949 117 976 
person 0.97193733 91 950 101 975 
person 0.99951004 739 955 783 1040 
person 0.99873016 841 960 864 1033 
person 0.99711647 1406 962 1430 1022 
person 0.99296585 1323 956 1345 997 
person 0.99014893 1024 960 1055 1064 
person 0.99713776 1923 953 1942 1011 
person 0.99085434 1677 962 1702 1004 
person 0.99854958 2585 950 2611 1021 
person 0.99181885 3559 951 3583 1063 
person 0.73583488 3585 969 3597 1009 
