person 0.98776215 466 947 484 1001 
person 0.98053528 66 948 76 976 
person 0.97633774 31 951 43 975 
person 0.97027824 46 949 57 975 
person 0.99512741 913 963 941 1099 
person 0.99175674 720 949 755 1043 
person 0.99758163 1499 954 1528 1049 
person 0.9768412 1259 952 1272 995 
person 0.86024109 1118 957 1135 1003 
person 0.51394619 1392 953 1404 973 
person 0.9986338 1939 953 1960 1010 
person 0.98491623 1759 955 1787 1006 
person 0.99895058 2582 948 2606 1021 
person 0.99025475 3585 954 3639 1082 
