person 0.98544731 77 951 88 976 
person 0.98504486 469 949 485 1000 
person 0.97786552 109 949 120 976 
person 0.97698502 93 949 102 976 
person 0.99963356 740 956 786 1040 
person 0.99938431 842 960 865 1035 
person 0.99885979 1324 957 1348 999 
person 0.99310738 1405 961 1430 1021 
person 0.97801743 1025 958 1060 1062 
person 0.96517708 1283 952 1297 1000 
person 0.99820564 1923 952 1942 1012 
person 0.9875164 1677 961 1700 1004 
person 0.99882683 2585 950 2612 1021 
person 0.99117958 3559 952 3583 1064 
person 0.83492912 3584 970 3594 1008 
