person 0.98561279 77 951 88 976 
person 0.98431305 469 949 485 1000 
person 0.97807083 109 949 120 976 
person 0.97730507 93 949 102 976 
person 0.99964584 740 956 787 1039 
person 0.99938705 842 960 865 1035 
person 0.99852501 1324 957 1348 999 
person 0.99439354 1406 960 1430 1021 
person 0.97430977 1025 958 1060 1061 
person 0.96605949 1283 952 1297 1000 
person 0.99821945 1923 952 1942 1012 
person 0.98640427 1676 961 1701 1004 
person 0.9989473 2585 949 2612 1021 
person 0.99171631 3559 952 3583 1064 
person 0.83435562 3584 970 3594 1008 
