person 0.98689667 109 949 121 976 
person 0.98641113 469 949 485 1000 
person 0.98504845 78 951 89 976 
person 0.96427292 93 949 103 976 
person 0.99964417 741 957 789 1039 
person 0.99951866 843 960 866 1035 
person 0.99844269 1324 956 1350 999 
person 0.99773911 1025 958 1062 1060 
person 0.98934067 1405 960 1430 1021 
person 0.97057533 1284 963 1300 1000 
person 0.50623165 1392 952 1404 972 
person 0.99851654 1923 951 1942 1012 
person 0.98575081 1677 961 1702 1004 
person 0.99867149 2585 949 2612 1021 
person 0.99253555 3559 950 3583 1064 
person 0.74165642 3584 970 3593 1007 
