person 0.99062935 109 948 122 977 
person 0.98765503 79 950 89 977 
person 0.98443169 469 947 485 997 
person 0.91832199 95 949 103 976 
person 0.99949654 743 956 788 1040 
person 0.99942535 843 960 865 1034 
person 0.99763725 1403 961 1430 1019 
person 0.99686775 1325 957 1354 1000 
person 0.99632278 1026 955 1063 1059 
person 0.98358986 1287 959 1314 999 
person 0.99846512 1924 951 1942 1012 
person 0.98712311 1677 959 1704 1004 
person 0.9988868 2585 950 2613 1025 
person 0.99322594 3555 953 3583 1059 
person 0.82988083 3584 971 3592 1007 
