person 0.98593857 466 947 484 1001 
person 0.9815477 67 948 77 976 
person 0.97320625 31 950 43 975 
person 0.97233459 46 949 57 975 
person 0.98228905 748 954 771 1037 
person 0.98160835 914 965 941 1097 
person 0.99646179 1499 954 1528 1050 
person 0.98135178 1259 952 1272 995 
person 0.93687691 1118 956 1135 1003 
person 0.54361744 1392 953 1404 972 
person 0.99866776 1939 953 1960 1010 
person 0.97729164 1759 955 1786 1005 
person 0.99884834 2582 948 2606 1021 
person 0.99734512 3584 952 3637 1082 
