person 0.98793724 468 948 485 1000 
person 0.98567909 112 949 123 976 
person 0.9773761 98 949 108 975 
person 0.96962486 80 950 92 976 
person 0.99899467 842 960 865 1033 
person 0.99661095 752 953 795 1041 
person 0.99779495 1403 961 1431 1020 
person 0.99429291 1029 955 1065 1058 
person 0.98982216 1336 959 1359 998 
person 0.98076317 1303 959 1325 1001 
person 0.99809921 1924 952 1943 1012 
person 0.98787399 1677 958 1703 1004 
person 0.99908165 2585 950 2612 1025 
person 0.99797668 3549 951 3583 1060 
person 0.76960152 3584 966 3592 1003 
