person 0.99047279 468 948 485 1000 
person 0.98883354 112 949 124 976 
person 0.97400932 98 948 110 975 
person 0.96903152 82 950 95 976 
person 0.99884514 842 960 864 1034 
person 0.99684372 759 952 796 1039 
person 0.99688911 1403 961 1431 1019 
person 0.99024872 1338 960 1359 999 
person 0.96853378 1032 958 1064 1026 
person 0.91057228 1305 961 1325 1001 
person 0.50589268 1392 953 1404 972 
person 0.99789948 1924 952 1943 1012 
person 0.9884404 1677 958 1702 1004 
person 0.99904129 2585 950 2612 1025 
person 0.99840927 3549 950 3583 1060 
person 0.75429039 3584 966 3592 1002 
