person 0.99089951 467 947 485 1001 
person 0.9881266 85 951 98 976 
person 0.97925278 103 949 114 976 
person 0.97070251 117 949 126 975 
person 0.9995153 778 946 803 1045 
person 0.99934021 840 956 862 1035 
person 0.99702118 1405 963 1435 1018 
person 0.99263443 1316 957 1344 1000 
person 0.9907019 1044 955 1074 1053 
person 0.64251694 1391 953 1404 972 
person 0.99738159 1926 952 1945 1011 
person 0.99302185 1677 959 1704 1005 
person 0.99950478 2584 952 2611 1024 
person 0.9986628 3540 953 3583 1062 
