person 0.9883387 466 947 484 1001 
person 0.9742382 68 948 77 976 
person 0.96031723 32 950 43 975 
person 0.94154228 46 949 57 975 
person 0.98817101 748 954 772 1038 
person 0.97119576 914 966 941 1098 
person 0.99596306 1499 955 1529 1049 
person 0.96871773 1259 951 1272 993 
person 0.95025955 1118 956 1135 1003 
person 0.54227566 1392 953 1404 973 
person 0.99882011 1939 953 1960 1010 
person 0.96870354 1757 956 1784 1005 
person 0.99897537 2582 948 2606 1021 
person 0.99706474 3584 951 3635 1085 
