person 0.98533646 86 951 99 976 
person 0.9849852 467 946 484 998 
person 0.97719727 103 949 114 975 
person 0.95315727 118 949 126 973 
person 0.99938026 779 948 805 1041 
person 0.9980027 836 955 859 1033 
person 0.99824936 1404 964 1439 1017 
person 0.99655693 1045 955 1077 1054 
person 0.99596794 1344 958 1370 1000 
person 0.56478344 1392 953 1403 972 
person 0.99755112 1927 951 1946 1011 
person 0.99521049 1677 959 1705 1007 
person 0.99925034 2583 953 2611 1024 
person 0.99921265 3539 954 3583 1062 
