person 0.98933342 118 948 129 975 
person 0.98648277 467 946 484 998 
person 0.98358551 87 950 99 976 
person 0.98098206 104 950 114 974 
person 0.99891701 833 955 856 1033 
person 0.99062317 778 955 815 1038 
person 0.99919373 1406 970 1446 1019 
person 0.99652916 1049 959 1088 1053 
person 0.99613174 1346 959 1370 1001 
person 0.62084728 1392 953 1403 972 
person 0.997994 1927 951 1948 1011 
person 0.99500298 1677 959 1704 1007 
person 0.99907593 2580 955 2611 1023 
person 0.99930382 3539 954 3582 1062 
