person 0.99379257 119 948 131 976 
person 0.9895414 466 946 484 998 
person 0.98277664 105 950 115 975 
person 0.96636803 89 951 101 976 
person 0.99835098 832 954 855 1034 
person 0.99740891 779 952 815 1038 
person 0.99783249 1406 971 1447 1018 
person 0.99740486 1346 958 1371 1001 
person 0.9927079 1051 961 1088 1054 
person 0.63464458 1327 958 1345 997 
person 0.61461212 1392 953 1403 972 
person 0.99752083 1927 951 1948 1011 
person 0.99464111 1676 961 1702 1006 
person 0.99910957 2579 955 2610 1023 
person 0.9992778 3541 955 3581 1062 
