person 0.99356964 119 948 132 975 
person 0.98848396 466 946 484 998 
person 0.98430649 105 950 115 975 
person 0.97171188 89 951 101 976 
person 0.99846558 832 954 855 1035 
person 0.99745834 780 952 815 1039 
person 0.99771347 1406 971 1447 1018 
person 0.99624298 1347 958 1370 1001 
person 0.99446243 1052 962 1089 1054 
person 0.62665176 1327 959 1345 997 
person 0.58881664 1392 953 1403 973 
person 0.99702599 1927 952 1949 1011 
person 0.9936937 1677 961 1701 1006 
person 0.99908684 2579 955 2610 1023 
person 0.9991143 3540 955 3580 1062 
