person 0.9941761 119 948 132 975 
person 0.98993912 466 946 484 998 
person 0.98500633 105 950 116 975 
person 0.98022545 89 950 101 976 
person 0.99863297 832 954 854 1035 
person 0.99719154 783 952 816 1039 
person 0.99778442 1406 971 1447 1019 
person 0.99710373 1347 958 1370 1002 
person 0.99577087 1052 961 1090 1054 
person 0.71061028 1328 960 1345 994 
person 0.55937447 1392 953 1403 973 
person 0.9972744 1927 953 1950 1011 
person 0.99078758 1677 961 1701 1006 
person 0.99887535 2579 953 2610 1023 
person 0.99913597 3540 955 3579 1062 
