person 0.99612778 119 948 133 976 
person 0.99000458 466 946 484 998 
person 0.98679123 106 950 117 976 
person 0.98532089 90 950 101 976 
person 0.99816986 782 953 818 1039 
person 0.99801735 831 955 853 1035 
person 0.99738464 1406 971 1447 1019 
person 0.99492279 1052 962 1090 1054 
person 0.98955231 1347 957 1369 1002 
person 0.58097858 1392 953 1403 973 
person 0.99746239 1926 953 1950 1011 
person 0.99166504 1678 962 1702 1006 
person 0.99860725 2579 953 2609 1023 
person 0.9994574 3539 956 3579 1061 
