person 0.99402306 465 946 485 1002 
person 0.99250107 121 948 136 978 
person 0.98166679 91 951 102 977 
person 0.98097878 107 950 119 976 
person 0.99852386 826 957 851 1035 
person 0.9955809 789 952 816 1039 
person 0.99508751 1053 959 1088 1052 
person 0.98681786 1347 956 1366 1002 
person 0.87008858 1416 972 1457 1015 
person 0.5234605 1392 953 1403 973 
person 0.99709396 1929 954 1953 1009 
person 0.99272957 1681 963 1704 1005 
person 0.99905487 2576 950 2602 1020 
person 0.99760529 3534 959 3574 1064 
