person 0.99400955 465 946 485 1002 
person 0.9934346 122 948 136 978 
person 0.98290283 108 949 121 976 
person 0.98276588 92 951 102 978 
person 0.9988456 825 957 850 1035 
person 0.99598625 790 951 816 1039 
person 0.99400093 1053 960 1090 1052 
person 0.98039009 1346 956 1366 1002 
person 0.96687042 1431 970 1457 1016 
person 0.52791531 1392 953 1403 973 
person 0.99714127 1929 954 1954 1009 
person 0.99372108 1682 962 1705 1005 
person 0.99907074 2576 950 2601 1021 
person 0.99829353 3533 958 3574 1065 
