person 0.9946386 465 946 484 1002 
person 0.98751518 123 949 137 978 
person 0.96711449 109 950 121 976 
person 0.95951256 92 950 103 977 
person 0.99900772 824 959 849 1034 
person 0.99756149 791 950 816 1040 
person 0.98269844 1052 958 1088 1052 
person 0.97671059 1346 956 1366 1002 
person 0.96657486 1434 972 1459 1015 
person 0.63659698 1392 953 1403 973 
person 0.99755669 1683 962 1706 1007 
person 0.99673187 1931 955 1954 1009 
person 0.99849678 2576 949 2600 1020 
person 0.99763718 3532 956 3572 1067 
