person 0.9946386 465 946 484 1002 
person 0.98719231 124 949 137 977 
person 0.97063232 110 950 121 976 
person 0.933965 93 950 104 977 
person 0.99878181 824 959 850 1034 
person 0.99660789 790 950 817 1041 
person 0.96013863 1052 958 1087 1051 
person 0.93843231 1344 958 1366 1000 
person 0.8514151 1436 973 1460 1014 
person 0.62341072 1392 953 1403 972 
person 0.9973674 1684 962 1707 1006 
person 0.99633263 1931 955 1954 1009 
person 0.99826401 2576 949 2600 1020 
person 0.99558029 3532 956 3571 1067 
