person 0.99413895 464 946 484 1002 
person 0.98956154 124 949 137 977 
person 0.97478012 110 950 122 975 
person 0.94066719 93 950 104 977 
person 0.99826279 823 959 849 1035 
person 0.99644623 790 950 816 1041 
person 0.9602668 1345 957 1365 1002 
person 0.94165047 1052 957 1085 1052 
person 0.94122704 1437 972 1461 1015 
person 0.61815117 1392 953 1403 973 
person 0.99674454 1931 955 1954 1010 
person 0.99655518 1684 962 1707 1006 
person 0.99777512 2576 949 2600 1019 
person 0.99602333 3529 962 3572 1068 
