person 0.99427528 464 946 484 1002 
person 0.99361 125 949 138 977 
person 0.98429985 111 949 122 975 
person 0.88190521 94 949 105 976 
person 0.99845085 820 958 847 1037 
person 0.99661232 790 951 816 1040 
person 0.93597153 1050 961 1072 1051 
person 0.91046432 1445 969 1468 1012 
person 0.90532623 1341 957 1366 1002 
person 0.63054085 1392 953 1403 973 
person 0.99655579 1933 955 1955 1010 
person 0.99028999 1686 962 1706 1006 
person 0.99778053 2577 950 2599 1019 
person 0.9984713 3527 966 3570 1067 
