person 0.9938736 464 945 484 999 
person 0.99141602 126 949 138 976 
person 0.98142197 112 949 123 975 
person 0.89383095 96 949 108 975 
person 0.99895103 820 958 847 1037 
person 0.99707893 790 951 816 1039 
person 0.9943483 1444 967 1471 1015 
person 0.9134433 1333 956 1356 1004 
person 0.89897339 1049 967 1072 1049 
person 0.60498543 1392 953 1403 973 
person 0.99603424 1933 955 1955 1010 
person 0.9791684 1687 962 1705 1004 
person 0.99843048 2573 950 2597 1019 
person 0.9990815 3526 966 3570 1068 
