person 0.99083397 467 947 484 1001 
person 0.96063354 50 949 59 974 
person 0.95920738 70 948 79 975 
person 0.93831108 33 950 43 976 
person 0.98703293 748 953 772 1040 
person 0.98052322 913 964 942 1099 
person 0.99616234 1499 955 1530 1049 
person 0.98228844 1259 953 1274 995 
person 0.94468674 1118 958 1136 1003 
person 0.50682343 1392 953 1403 973 
person 0.99867661 1939 952 1961 1010 
person 0.96694252 1757 955 1782 1005 
person 0.99896683 2583 948 2606 1021 
person 0.99849442 3584 948 3636 1083 
