person 0.99442451 464 946 483 998 
person 0.98458893 127 948 139 976 
person 0.98448296 114 949 124 976 
person 0.97558167 98 951 109 975 
person 0.99807877 815 957 843 1037 
person 0.99540001 788 951 815 1041 
person 0.99100273 1039 959 1071 1053 
person 0.97778526 1447 968 1482 1015 
person 0.95514748 1338 958 1365 1003 
person 0.60950928 1392 953 1403 973 
person 0.99805557 1688 959 1709 1008 
person 0.99720955 1937 952 1957 1010 
person 0.9978244 2572 952 2595 1019 
person 0.99888756 3519 973 3559 1069 
