person 0.99476974 464 946 483 998 
person 0.98398293 127 949 139 977 
person 0.97932487 114 949 124 976 
person 0.96936066 99 951 110 976 
person 0.99813881 814 957 842 1039 
person 0.85727707 788 964 814 1040 
person 0.99780525 1038 959 1070 1055 
person 0.97534019 1334 957 1364 1003 
person 0.92567535 1458 966 1486 1015 
person 0.57483036 1392 953 1403 973 
person 0.99871536 1689 959 1709 1008 
person 0.99685616 1937 953 1958 1010 
person 0.99782265 2571 952 2594 1019 
person 0.99879463 3517 971 3559 1070 
