person 0.99220665 466 947 484 1001 
person 0.96656921 69 948 80 975 
person 0.95976318 50 949 59 974 
person 0.8856385 37 950 47 975 
person 0.99323181 749 953 772 1040 
person 0.97423279 913 964 942 1099 
person 0.99645454 1499 955 1529 1049 
person 0.98854706 1259 953 1274 994 
person 0.93839752 1119 958 1136 1003 
person 0.50432484 1392 953 1403 973 
person 0.99878181 1940 953 1961 1010 
person 0.97382042 1757 955 1783 1006 
person 0.99898216 2583 948 2605 1021 
person 0.99772598 3584 946 3635 1085 
