person 0.991661 110 951 123 976 
person 0.98686806 464 947 481 996 
person 0.98338577 139 950 152 977 
person 0.98069908 127 949 137 976 
person 0.99738922 766 958 817 1048 
person 0.99673981 1024 956 1046 1063 
person 0.99072884 1301 959 1327 1006 
person 0.62499981 1512 965 1535 1019 
person 0.50092571 1392 953 1404 973 
person 0.99763634 1952 954 1973 1010 
person 0.9967923 1721 958 1745 1018 
person 0.58452225 1536 961 1548 1024 
person 0.9984819 2568 952 2591 1014 
person 0.99940643 3443 961 3524 1084 
