person 0.98613152 112 950 124 976 
person 0.96929558 130 949 140 975 
person 0.95070007 463 948 481 996 
person 0.94329826 143 949 154 976 
person 0.99907074 756 959 800 1051 
person 0.95825974 1007 965 1023 1052 
person 0.99655304 1024 961 1045 1060 
person 0.99467255 1293 960 1327 1008 
person 0.5458551 1392 953 1403 973 
person 0.99933464 1726 960 1756 1018 
person 0.99833382 1954 953 1976 1010 
person 0.9963311 1536 962 1558 1028 
person 0.997229 2571 951 2593 1012 
person 0.99958542 3426 962 3494 1088 
