person 0.98740234 112 951 124 976 
person 0.98128281 130 949 141 975 
person 0.96728409 143 949 154 975 
person 0.95703247 461 949 480 1001 
person 0.9990403 754 960 799 1050 
person 0.9725602 1007 964 1023 1055 
person 0.99669617 1024 961 1044 1060 
person 0.99031738 1292 960 1326 1008 
person 0.53267014 1392 953 1403 973 
person 0.99864899 1727 961 1757 1018 
person 0.99843819 1954 953 1976 1010 
person 0.99382042 1536 964 1560 1027 
person 0.99737701 2571 951 2593 1012 
person 0.99960098 3421 969 3491 1088 
