person 0.98967148 113 950 124 977 
person 0.98220215 130 949 141 976 
person 0.98092247 143 949 154 976 
person 0.96142372 461 949 480 1001 
person 0.99968948 750 960 798 1051 
person 0.99138939 1005 962 1023 1057 
person 0.99582687 1024 958 1043 1061 
person 0.93287231 1275 955 1301 1006 
person 0.52780117 1392 953 1403 973 
person 0.99686523 1955 953 1976 1009 
person 0.99402092 1725 961 1761 1019 
person 0.99305031 1537 963 1567 1026 
person 0.99706566 2572 951 2593 1010 
person 0.99929382 3403 969 3487 1092 
