person 0.98829308 145 950 155 976 
person 0.98714783 131 950 143 976 
person 0.97155594 114 950 125 978 
person 0.96627846 461 949 479 1001 
person 0.99974304 746 960 787 1048 
person 0.98182106 1001 962 1023 1059 
person 0.98528107 1024 961 1041 1058 
person 0.59377945 1272 957 1299 1004 
person 0.52194206 1304 989 1319 999 
person 0.50563442 1392 952 1403 973 
person 0.99835594 1958 954 1979 1008 
person 0.99445763 1727 960 1765 1019 
person 0.99305 1543 963 1575 1022 
person 0.99677231 2573 950 2594 1010 
person 0.99806671 3389 963 3481 1084 
