person 0.98928734 145 949 155 976 
person 0.98164978 131 950 143 976 
person 0.96930702 461 949 479 1001 
person 0.95727493 114 950 126 978 
person 0.99926659 742 961 787 1050 
person 0.97144463 998 956 1023 1063 
person 0.95645958 1024 957 1040 1061 
person 0.70089653 1270 957 1301 1005 
person 0.53345036 1392 952 1404 972 
person 0.9986187 1958 954 1979 1008 
person 0.99768974 1729 959 1767 1020 
person 0.99187111 1543 963 1578 1021 
person 0.99735085 2573 951 2594 1010 
person 0.99970703 3388 962 3477 1082 
