person 0.99201424 466 947 484 1002 
person 0.98791466 69 948 82 976 
person 0.97711555 52 948 60 975 
person 0.95808655 39 950 48 975 
person 0.99758209 750 952 773 1043 
person 0.91499634 914 959 948 1102 
person 0.99554512 1499 955 1529 1049 
person 0.99435936 1260 954 1275 994 
person 0.96529266 1119 956 1136 1004 
person 0.5362817 1392 955 1402 972 
person 0.9980986 1940 952 1962 1010 
person 0.9764267 1754 961 1782 1005 
person 0.99894569 2583 948 2605 1022 
person 0.76260223 3575 904 3583 1109 
person 0.96914413 3584 957 3619 1075 
