person 0.9912191 466 947 483 1002 
person 0.99042976 69 948 83 976 
person 0.97339798 52 949 61 975 
person 0.97192505 39 950 48 975 
person 0.99746033 750 952 773 1042 
person 0.9331102 914 958 948 1103 
person 0.99587723 1498 955 1529 1048 
person 0.9922464 1260 954 1275 994 
person 0.97810127 1119 955 1136 1004 
person 0.52534969 1392 955 1402 972 
person 0.99783485 1940 952 1962 1010 
person 0.97274445 1754 961 1782 1005 
person 0.99886932 2583 948 2605 1021 
person 0.86027496 3571 937 3583 1029 
person 0.96305763 3584 956 3617 1075 
