person 0.99522011 451 947 472 1001 
person 0.95735733 144 950 155 975 
person 0.93145241 128 951 139 976 
person 0.64643417 156 949 168 977 
person 0.99925606 946 963 985 1074 
person 0.9982402 694 955 726 1051 
person 0.99411461 642 965 686 1065 
person 0.88131264 1218 957 1246 1008 
person 0.60621006 1392 953 1403 972 
person 0.99838272 1975 954 1999 1010 
person 0.99754761 1637 963 1684 1029 
person 0.99118164 1791 965 1814 1023 
person 0.99882584 2581 956 2608 1010 
person 0.99811852 3219 959 3306 1088 
