person 0.99106529 466 947 483 1002 
person 0.99003029 70 948 82 976 
person 0.97100418 53 948 61 975 
person 0.96173454 39 950 48 975 
person 0.99821373 750 952 773 1043 
person 0.94442612 914 958 948 1103 
person 0.99395752 1498 955 1529 1048 
person 0.99056099 1260 954 1275 994 
person 0.97360664 1119 956 1136 1004 
person 0.52915131 1392 955 1402 972 
person 0.9979026 1940 951 1963 1010 
person 0.96181969 1753 961 1782 1004 
person 0.99890778 2583 948 2605 1022 
person 0.8471125 3570 939 3583 1027 
person 0.95024452 3584 958 3613 1074 
