person 0.98997566 130 951 144 977 
person 0.98671982 451 947 468 997 
person 0.9863559 157 949 171 977 
person 0.96846436 146 950 156 976 
person 0.99959679 613 954 665 1067 
person 0.99882851 925 963 971 1070 
person 0.99626007 679 951 718 1052 
person 0.86074989 1206 953 1229 1007 
person 0.57159279 1392 953 1404 972 
person 0.99940277 1975 953 2009 1012 
person 0.994991 1799 971 1827 1024 
person 0.91857117 1676 963 1708 1025 
person 0.99932465 2582 958 2613 1011 
person 0.9997538 3181 961 3268 1071 
