person 0.99167801 130 952 145 978 
person 0.98287354 158 949 171 977 
person 0.97840927 450 947 467 1001 
person 0.97473351 147 950 157 977 
person 0.99910858 919 961 970 1071 
person 0.99778465 606 958 663 1073 
person 0.99718033 676 950 718 1054 
person 0.96605072 1197 953 1224 1011 
person 0.54758358 1392 953 1404 972 
person 0.99954811 1975 953 2010 1012 
person 0.99106056 1804 971 1828 1024 
person 0.97590149 1690 961 1716 1033 
person 0.99948273 2583 957 2613 1011 
person 0.99896004 3168 959 3252 1074 
