person 0.99252373 131 951 145 978 
person 0.97677177 450 948 468 994 
person 0.97592697 158 949 171 977 
person 0.96341072 147 950 157 976 
person 0.99950195 598 952 656 1072 
person 0.99937256 913 960 968 1072 
person 0.99667358 674 952 718 1052 
person 0.9705542 1194 953 1223 1012 
person 0.5344017 1392 953 1404 972 
person 0.99923454 1975 953 2010 1012 
person 0.9850145 1804 972 1828 1024 
person 0.94722244 1695 969 1723 1038 
person 0.99933205 2584 957 2612 1011 
person 0.99202171 3168 970 3238 1072 
