person 0.99200478 131 952 145 978 
person 0.96333595 159 949 171 977 
person 0.96281776 147 950 157 977 
person 0.94078491 448 948 466 993 
person 0.99986412 589 952 654 1072 
person 0.99957329 910 960 968 1072 
person 0.99675102 673 953 715 1054 
person 0.944786 1193 953 1221 1011 
person 0.56203144 1392 952 1404 972 
person 0.99915314 1979 955 2010 1010 
person 0.99639984 1806 969 1835 1027 
person 0.96208504 1702 962 1730 1027 
person 0.99938629 2584 957 2612 1012 
person 0.99946251 3155 949 3226 1085 
