person 0.99096481 131 952 146 978 
person 0.96656105 448 948 466 994 
person 0.96022415 158 949 171 977 
person 0.95954391 148 950 158 977 
person 0.99976639 906 961 968 1072 
person 0.99931351 586 958 649 1073 
person 0.99718941 672 954 712 1056 
person 0.93567017 1191 954 1219 1009 
person 0.57892799 1392 952 1404 972 
person 0.99941986 1980 956 2011 1010 
person 0.99554634 1806 969 1835 1027 
person 0.96766472 1705 963 1734 1023 
person 0.99934845 2584 956 2613 1012 
person 0.99831406 3154 951 3219 1087 
