person 0.9908979 70 948 83 976 
person 0.98989876 466 947 483 1002 
person 0.96982445 53 948 61 976 
person 0.94392357 39 950 48 975 
person 0.99783066 750 951 773 1043 
person 0.92711105 914 958 949 1103 
person 0.99230782 1498 955 1528 1048 
person 0.99168991 1261 955 1275 994 
person 0.97556648 1119 955 1137 1004 
person 0.51960827 1392 955 1402 972 
person 0.99777092 1940 951 1963 1010 
person 0.93041016 1753 961 1782 1005 
person 0.99887756 2583 948 2605 1021 
person 0.88685158 3571 923 3583 1094 
person 0.94710327 3584 960 3612 1074 
