person 0.98556091 447 947 466 995 
person 0.98487106 133 951 146 978 
person 0.92518745 160 949 173 977 
person 0.89248672 148 950 158 976 
person 0.99982437 570 960 629 1075 
person 0.99897537 900 964 963 1075 
person 0.99729019 664 955 701 1054 
person 0.96697182 1176 960 1208 1015 
person 0.57570171 1392 952 1404 972 
person 0.99874008 1985 956 2012 1010 
person 0.99773705 1703 958 1757 1036 
person 0.99431793 1808 968 1833 1026 
person 0.99941574 2583 955 2613 1013 
person 0.99487526 3131 956 3187 1086 
