person 0.98364334 133 951 146 978 
person 0.98171738 447 947 466 996 
person 0.92191872 150 949 160 976 
person 0.87600586 160 949 173 977 
person 0.99988052 566 962 623 1076 
person 0.99972504 893 963 957 1077 
person 0.99720665 661 957 702 1055 
person 0.77012054 1195 955 1209 995 
person 0.56648392 1392 952 1404 972 
person 0.99887863 1987 956 2013 1011 
person 0.99758568 1707 955 1760 1036 
person 0.99711433 1808 966 1833 1028 
person 0.9996035 2582 954 2614 1013 
person 0.99963348 3122 958 3191 1077 
