person 0.98438385 446 947 466 996 
person 0.98164452 133 951 145 978 
person 0.96541031 150 950 161 976 
person 0.8256015 161 949 173 976 
person 0.99968567 890 963 956 1075 
person 0.99934235 567 959 621 1075 
person 0.99849403 659 956 701 1055 
person 0.86577583 1190 957 1211 1001 
person 0.57850838 1176 958 1190 993 
person 0.55794979 1392 952 1404 972 
person 0.99903137 1989 955 2014 1011 
person 0.99613274 1809 966 1832 1027 
person 0.9744136 1715 955 1765 1033 
person 0.99940918 2581 954 2614 1013 
person 0.99899437 3119 956 3190 1078 
