person 0.98630684 446 948 465 1000 
person 0.97931877 151 950 162 976 
person 0.93774879 135 950 145 978 
person 0.85186722 164 950 175 976 
person 0.99983803 880 965 941 1077 
person 0.99870918 656 952 693 1054 
person 0.99713493 557 957 596 1078 
person 0.98126808 1184 955 1203 1004 
person 0.54257618 1392 953 1404 972 
person 0.99922989 1993 954 2016 1013 
person 0.99683945 1809 961 1833 1028 
person 0.86571129 1749 965 1777 1039 
person 0.99869446 2580 954 2608 1012 
person 0.99963898 3101 951 3181 1074 
