person 0.98525063 446 949 465 1000 
person 0.98215721 151 950 163 975 
person 0.95186813 137 951 146 977 
person 0.91799423 164 950 175 975 
person 0.99988129 877 965 934 1079 
person 0.99882767 654 950 689 1054 
person 0.99858704 553 957 591 1079 
person 0.96783325 1184 954 1202 1003 
person 0.89460579 1159 955 1181 1011 
person 0.5438084 1392 953 1404 972 
person 0.99925735 1993 953 2018 1013 
person 0.99780365 1809 959 1832 1028 
person 0.97270477 1754 966 1782 1040 
person 0.99829544 2579 954 2604 1013 
person 0.99948074 3093 959 3174 1071 
