person 0.98923157 70 948 83 976 
person 0.98845848 466 947 483 1002 
person 0.96348183 53 949 62 975 
person 0.93641922 39 950 48 974 
person 0.99798393 750 951 773 1044 
person 0.9678022 914 957 949 1104 
person 0.9946756 1497 955 1528 1048 
person 0.99006325 1261 954 1276 994 
person 0.96346458 1120 956 1136 1003 
person 0.53206299 1392 955 1402 972 
person 0.99776382 1940 952 1963 1010 
person 0.84426712 1734 957 1781 1005 
person 0.99891266 2583 948 2605 1022 
person 0.90253601 3569 944 3583 1024 
person 0.92156853 3584 960 3610 1073 
