person 0.98281685 446 946 464 998 
person 0.97991951 152 950 163 976 
person 0.96835083 138 951 148 976 
person 0.9126725 165 951 176 975 
person 0.99962196 875 961 920 1079 
person 0.99920479 533 961 582 1072 
person 0.99893852 645 949 684 1057 
person 0.99425255 1177 955 1203 1003 
person 0.9900119 1151 960 1176 1019 
person 0.99899147 1997 951 2022 1010 
person 0.99656403 1809 958 1833 1028 
person 0.98120476 1773 965 1801 1017 
person 0.99925537 2575 955 2602 1012 
person 0.99173065 3076 962 3156 1063 
