person 0.97605034 154 949 164 977 
person 0.97246315 140 951 150 977 
person 0.97111778 445 949 462 1000 
person 0.93273529 166 950 177 977 
person 0.99991295 512 962 575 1075 
person 0.99984756 862 957 912 1082 
person 0.99928757 637 948 676 1064 
person 0.99616829 1169 955 1197 1001 
person 0.99051376 1138 959 1162 1018 
person 0.99825417 1999 952 2024 1012 
person 0.98188889 1775 968 1826 1041 
person 0.99864723 2570 953 2598 1012 
person 0.96932915 3044 954 3070 1067 
person 0.68486496 3072 967 3105 1073 
