person 0.97731598 154 949 165 977 
person 0.9745816 140 951 150 978 
person 0.9640831 445 949 462 1000 
person 0.92448524 167 950 177 977 
person 0.99991241 512 962 574 1075 
person 0.99987427 859 957 913 1082 
person 0.99893394 635 949 674 1063 
person 0.99115257 1167 956 1194 1001 
person 0.98443481 1137 953 1161 1012 
person 0.99863441 1999 953 2025 1013 
person 0.9851461 1777 962 1836 1040 
person 0.99852715 2570 952 2598 1013 
person 0.98703636 3042 955 3070 1065 
person 0.64224335 3072 971 3088 1068 
