person 0.96810623 155 949 165 977 
person 0.9669603 140 951 151 977 
person 0.96518456 445 949 462 1000 
person 0.90078064 168 949 177 977 
person 0.99979004 513 964 569 1077 
person 0.99978714 853 960 908 1082 
person 0.99916611 634 949 670 1061 
person 0.99609436 1133 954 1160 1015 
person 0.99028313 1165 957 1191 1002 
person 0.52518021 1392 953 1404 972 
person 0.99869705 2000 953 2026 1013 
person 0.96874809 1781 957 1835 1038 
person 0.99708939 2570 951 2595 1016 
person 0.98784744 3036 951 3071 1065 
person 0.80146149 3072 966 3085 1074 
