person 0.9719725 140 951 151 978 
person 0.96716782 445 949 462 1000 
person 0.96703918 155 949 165 977 
person 0.92885361 168 949 177 976 
person 0.9998587 852 960 906 1083 
person 0.99978096 513 964 569 1077 
person 0.99939819 633 950 669 1061 
person 0.99294868 1131 955 1161 1015 
person 0.98849327 1164 957 1189 1001 
person 0.53413761 1392 953 1404 972 
person 0.99908035 2001 953 2026 1013 
person 0.89597839 1807 959 1838 1025 
person 0.9973909 2570 951 2593 1017 
person 0.98815674 3032 951 3071 1065 
person 0.69584343 3072 968 3084 1074 
