person 0.96314934 445 949 462 1000 
person 0.9571212 140 951 152 978 
person 0.95365005 157 950 167 977 
person 0.94428749 168 948 178 977 
person 0.66986664 488 1014 511 1078 
person 0.99983215 849 959 898 1086 
person 0.99951866 629 951 661 1065 
person 0.99919334 512 963 559 1077 
person 0.99860046 1124 955 1161 1014 
person 0.9906369 1162 957 1187 1003 
person 0.53563107 1392 953 1404 972 
person 0.99862511 2002 953 2027 1013 
person 0.94170723 1810 958 1833 1022 
person 0.99878464 3025 951 3070 1071 
person 0.99681694 2568 953 2591 1016 
