person 0.95539734 445 949 462 1000 
person 0.95488556 158 949 167 976 
person 0.94879791 143 951 154 978 
person 0.91030609 168 949 178 977 
person 0.62789066 487 960 511 1081 
person 0.99976471 845 963 892 1084 
person 0.9990448 513 960 554 1080 
person 0.99857307 625 954 658 1061 
person 0.99577644 1158 956 1179 1003 
person 0.97811897 1117 957 1156 1011 
person 0.55817432 1392 953 1404 972 
person 0.99889977 2004 954 2028 1013 
person 0.99201096 1809 962 1836 1022 
person 0.99869934 3012 947 3071 1072 
person 0.99867378 2566 953 2589 1016 
