person 0.98845741 145 951 156 978 
person 0.98498688 482 968 511 1077 
person 0.97143776 171 949 183 976 
person 0.95879456 160 950 171 975 
person 0.88853378 443 950 460 999 
person 0.99922546 609 948 645 1062 
person 0.99919151 826 962 864 1085 
person 0.99336029 513 957 535 1076 
person 0.99459885 1149 956 1171 1003 
person 0.92183281 1102 959 1126 1021 
person 0.99910843 1809 960 1836 1026 
person 0.9981955 2007 954 2031 1010 
person 0.91287811 1855 967 1893 1042 
person 0.9993187 2982 954 3049 1060 
person 0.9986409 2562 953 2586 1017 
