person 0.99200951 72 948 83 976 
person 0.98865547 465 947 483 1002 
person 0.92542038 39 951 47 975 
person 0.91072227 56 950 65 975 
person 0.99736427 751 949 774 1046 
person 0.9815239 914 956 950 1104 
person 0.99425163 1260 953 1278 996 
person 0.99389671 1496 955 1527 1048 
person 0.95730438 1120 955 1136 1004 
person 0.59378624 1392 953 1404 973 
person 0.99737671 1939 952 1963 1010 
person 0.88972076 1747 962 1778 1004 
person 0.99890991 2583 948 2605 1022 
person 0.80448975 3568 942 3583 1074 
person 0.88557503 3584 954 3605 1079 
