person 0.99786079 462 962 511 1076 
person 0.98864273 148 950 158 979 
person 0.985886 173 950 184 976 
person 0.97070229 441 951 459 1000 
person 0.95887306 162 950 172 977 
person 0.99986557 803 958 860 1086 
person 0.99984108 586 951 639 1063 
person 0.99201332 512 961 530 1058 
person 0.98419647 1137 955 1161 1003 
person 0.96576447 1086 951 1110 1015 
person 0.99872711 1804 954 1831 1025 
person 0.9981881 2014 953 2036 1013 
person 0.99749329 1878 961 1934 1042 
person 0.9981414 2560 952 2584 1015 
person 0.99705246 2955 953 3007 1062 
