person 0.99904366 460 964 511 1079 
person 0.98088051 148 950 159 979 
person 0.96845367 173 950 184 976 
person 0.95231552 161 950 173 977 
person 0.88774399 441 950 458 999 
person 0.99996361 796 959 859 1086 
person 0.99991119 582 950 638 1063 
person 0.97637703 512 961 528 1058 
person 0.98844536 1081 956 1108 1021 
person 0.95040199 1133 954 1153 1004 
person 0.99856339 1804 953 1830 1024 
person 0.99739029 2015 952 2037 1012 
person 0.96541771 1893 963 1944 1042 
person 0.99793968 2946 954 3003 1058 
person 0.99783768 2560 952 2583 1014 
