person 0.99896133 460 966 511 1080 
person 0.96292877 148 950 159 978 
person 0.95998802 173 950 185 976 
person 0.93664803 441 949 458 1000 
person 0.87479576 162 951 173 977 
person 0.99991837 581 951 637 1065 
person 0.99984619 789 961 860 1086 
person 0.95452065 512 965 527 1078 
person 0.99206474 1077 960 1108 1020 
person 0.98245201 1132 955 1150 1004 
person 0.99909355 1804 953 1830 1024 
person 0.99684769 2015 952 2037 1012 
person 0.68912659 1894 961 1942 1034 
person 0.9986808 2940 961 2999 1057 
person 0.99821526 2560 951 2583 1016 
