person 0.99884819 460 966 511 1080 
person 0.96530365 150 950 161 978 
person 0.96424812 174 950 185 976 
person 0.94868034 163 950 174 976 
person 0.92570503 441 949 458 1000 
person 0.99990128 581 953 637 1065 
person 0.99888435 790 958 858 1089 
person 0.9633271 512 965 526 1080 
person 0.99376091 1072 958 1106 1021 
person 0.97475685 1130 957 1149 1004 
person 0.99915123 1803 954 1830 1024 
person 0.99618637 2015 952 2038 1012 
person 0.92812088 1922 964 1942 1021 
person 0.99933258 2940 959 2998 1058 
person 0.99801811 2560 951 2582 1016 
