person 0.9976416 460 967 511 1082 
person 0.95719475 150 950 162 977 
person 0.94760544 164 950 175 976 
person 0.92748093 175 949 185 975 
person 0.87290016 440 948 458 995 
person 0.99975571 580 957 637 1066 
person 0.99811951 782 969 844 1089 
person 0.91760857 512 961 523 1099 
person 0.97642204 1126 957 1144 1005 
person 0.87787781 1066 960 1101 1019 
person 0.99911507 1802 956 1828 1022 
person 0.99699387 2018 952 2040 1012 
person 0.97145805 1931 969 1955 1043 
person 0.99717911 2560 951 2583 1017 
person 0.99489624 2924 968 2989 1054 
