person 0.99848083 456 969 511 1080 
person 0.97117577 150 951 163 977 
person 0.91927986 164 950 175 976 
person 0.88562553 177 949 187 974 
person 0.71395027 439 948 457 1001 
person 0.99974533 578 956 629 1067 
person 0.99970642 771 962 832 1087 
person 0.96931854 512 966 524 1092 
person 0.98791084 1123 957 1142 1003 
person 0.95743217 1057 963 1102 1019 
person 0.99908157 1801 957 1827 1022 
person 0.99818703 2018 953 2041 1013 
person 0.95598808 1937 961 1973 1046 
person 0.99780365 2914 968 2979 1053 
person 0.9971302 2560 951 2585 1018 
