person 0.99840515 459 969 511 1080 
person 0.98335724 151 951 164 977 
person 0.93768753 177 949 188 974 
person 0.93695244 164 950 176 976 
person 0.8213446 439 948 456 1001 
person 0.99972885 577 955 629 1067 
person 0.99948059 767 964 832 1085 
person 0.96274994 512 966 523 1095 
person 0.99111694 1120 955 1140 1002 
person 0.90527412 1057 959 1091 1021 
person 0.9990992 1801 958 1826 1023 
person 0.99780075 2019 953 2041 1013 
person 0.90575249 1945 962 1971 1025 
person 0.999543 2913 967 2976 1052 
person 0.99569473 2560 951 2585 1018 
