person 0.99584129 459 978 511 1082 
person 0.98573502 152 951 167 978 
person 0.97364426 178 949 189 976 
person 0.97324921 437 948 454 1002 
person 0.93947067 167 950 177 976 
person 0.99983337 754 961 811 1089 
person 0.99977615 576 948 619 1068 
person 0.98896149 512 968 532 1069 
person 0.99579247 1108 955 1135 1004 
person 0.99373489 1046 959 1069 1023 
person 0.99867546 1799 959 1824 1022 
person 0.99658684 2019 953 2043 1013 
person 0.9899958 1956 963 2016 1043 
person 0.99888428 2560 955 2586 1022 
person 0.99506584 2887 952 2929 1053 
