person 0.98861229 466 946 483 1002 
person 0.98326065 72 948 83 975 
person 0.96356979 56 950 65 975 
person 0.92846893 43 950 55 975 
person 0.99824104 752 949 774 1047 
person 0.99259628 914 957 950 1103 
person 0.96906143 726 948 752 1043 
person 0.99606552 1260 953 1279 996 
person 0.99306915 1494 956 1528 1048 
person 0.96158531 1120 955 1136 1004 
person 0.58865177 1392 953 1404 973 
person 0.99750992 1939 953 1963 1010 
person 0.93411018 1734 957 1775 1005 
person 0.99900261 2583 948 2605 1022 
person 0.92524124 3563 942 3583 1074 
person 0.98288864 3584 957 3604 1075 
