person 0.99639252 460 978 511 1082 
person 0.98382515 152 951 167 979 
person 0.97946342 436 948 454 1002 
person 0.97086708 179 949 190 977 
person 0.94853081 167 950 178 977 
person 0.99988091 750 960 807 1090 
person 0.9998304 576 945 618 1066 
person 0.9701757 513 964 535 1079 
person 0.99787796 1105 956 1134 1004 
person 0.98039833 1041 957 1063 1023 
person 0.9989537 1798 959 1824 1021 
person 0.99805359 2019 952 2043 1013 
person 0.91912994 1988 966 2014 1023 
person 0.99904785 2877 953 2928 1050 
person 0.99885048 2560 955 2586 1022 
