person 0.99666206 460 978 511 1082 
person 0.98059174 153 951 167 979 
person 0.97750961 436 949 454 1002 
person 0.96557724 179 949 190 977 
person 0.94154297 168 950 178 977 
person 0.99984528 751 961 805 1089 
person 0.99981079 576 944 617 1066 
person 0.98804024 513 964 539 1077 
person 0.99522697 1104 957 1134 1004 
person 0.98933495 1038 957 1061 1025 
person 0.99899529 1798 959 1823 1021 
person 0.99696419 2019 952 2044 1013 
person 0.81794533 1991 966 2015 1022 
person 0.99918365 2874 952 2927 1050 
person 0.99870712 2560 957 2586 1021 
