person 0.99690994 462 965 511 1080 
person 0.97087959 437 949 454 1002 
person 0.9636705 153 951 167 979 
person 0.92801247 179 950 190 977 
person 0.86335876 168 951 179 976 
person 0.99990913 742 961 798 1090 
person 0.99982315 575 942 618 1065 
person 0.99725136 513 961 540 1078 
person 0.98982773 1033 961 1059 1023 
person 0.97950684 1103 956 1126 1005 
person 0.99836418 1796 960 1824 1022 
person 0.99611275 2020 952 2045 1013 
person 0.99848419 2866 953 2921 1052 
person 0.99585167 2560 957 2585 1021 
