person 0.96408394 171 950 180 977 
person 0.96210457 474 959 510 1084 
person 0.95102173 433 950 453 1001 
person 0.93951836 181 950 191 978 
person 0.91722527 156 951 169 978 
person 0.99987343 730 962 790 1087 
person 0.99980537 573 940 618 1066 
person 0.99776596 512 957 546 1085 
person 0.99185448 1097 958 1117 1006 
person 0.99140472 1025 959 1058 1020 
person 0.99887016 1793 959 1821 1021 
person 0.69855591 2008 990 2040 1044 
person 0.99855865 2855 951 2915 1052 
person 0.99621948 2560 956 2584 1023 
