person 0.96387169 171 950 180 977 
person 0.95265366 434 950 453 1001 
person 0.95242569 477 956 511 1086 
person 0.93589157 182 949 190 977 
person 0.92713219 156 951 169 978 
person 0.99982063 573 939 618 1067 
person 0.99978134 730 967 788 1090 
person 0.9982402 512 956 548 1084 
person 0.99301819 1096 958 1116 1006 
person 0.9740638 1024 962 1058 1020 
person 0.99893646 1793 959 1820 1021 
person 0.95152 2017 969 2044 1046 
person 0.99822449 2854 953 2915 1050 
person 0.99581108 2560 955 2584 1023 
