person 0.9683448 433 949 452 1001 
person 0.96218712 171 950 181 977 
person 0.93876862 157 951 169 978 
person 0.92956383 182 949 191 977 
person 0.9241581 479 957 511 1086 
person 0.99981651 572 939 618 1067 
person 0.99964531 722 965 783 1092 
person 0.99692917 512 954 550 1087 
person 0.9929425 1091 958 1114 1007 
person 0.97173622 1024 950 1054 1017 
person 0.99872002 1790 958 1817 1021 
person 0.85680283 2023 993 2047 1045 
person 0.99926903 2850 957 2905 1050 
person 0.9917482 2560 957 2583 1024 
