person 0.96606972 171 950 182 977 
person 0.94991859 433 950 452 1001 
person 0.94745895 157 951 169 978 
person 0.84374344 184 950 194 978 
person 0.77752533 488 954 511 1088 
person 0.99984047 571 940 618 1066 
person 0.99976257 721 969 779 1089 
person 0.99354431 512 953 554 1089 
person 0.99188278 1090 957 1112 1005 
person 0.9582901 1024 951 1055 1016 
person 0.99877617 1789 957 1816 1020 
person 0.62941734 2024 954 2046 1005 
person 0.56147362 2553 960 2559 1018 
person 0.99792007 2846 956 2897 1048 
person 0.99283241 2560 958 2583 1024 
