person 0.9797097 432 949 451 1001 
person 0.97406647 173 950 184 977 
person 0.95705307 160 950 170 977 
person 0.92529907 186 950 195 977 
person 0.99968048 570 944 617 1065 
person 0.99948692 711 970 766 1093 
person 0.99924881 512 950 563 1090 
person 0.9890419 1001 961 1023 1025 
person 0.99593765 1082 955 1107 1003 
person 0.99752487 1786 955 1812 1014 
person 0.99087532 2027 952 2047 1012 
person 0.99577789 2049 960 2094 1046 
person 0.97231285 2539 958 2559 1021 
person 0.99763023 2828 955 2865 1048 
person 0.98694748 2560 961 2578 1023 
