person 0.98898232 467 947 485 1001 
person 0.97654861 30 949 41 975 
person 0.97625854 62 948 74 976 
person 0.96651604 44 949 52 974 
person 0.99820328 912 961 941 1099 
person 0.99328346 714 950 752 1046 
person 0.99828812 1497 954 1527 1051 
person 0.98232063 1259 952 1271 995 
person 0.78980507 1119 956 1132 1001 
person 0.50380486 1392 953 1404 972 
person 0.99718597 1938 952 1959 1010 
person 0.98089211 1761 957 1790 1005 
person 0.99889877 2583 948 2608 1020 
person 0.9990287 3586 949 3640 1081 
