person 0.9885833 465 947 483 1001 
person 0.98341904 73 949 84 975 
person 0.96070183 56 950 66 975 
person 0.91577133 42 950 55 975 
person 0.99837051 752 949 775 1047 
person 0.99410042 914 957 949 1103 
person 0.98289574 726 948 752 1044 
person 0.99548653 1260 954 1280 995 
person 0.9921904 1494 957 1528 1048 
person 0.95532982 1120 956 1137 1004 
person 0.58193588 1392 953 1404 973 
person 0.99785339 1939 952 1963 1010 
person 0.95692154 1743 961 1774 1004 
person 0.99908646 2583 948 2605 1022 
person 0.9661322 3562 943 3583 1075 
person 0.97855553 3584 956 3604 1076 
