person 0.98505676 431 950 451 1001 
person 0.97692741 174 950 185 977 
person 0.96217255 161 951 171 977 
person 0.94916229 188 949 196 978 
person 0.999767 702 966 760 1094 
person 0.99968765 572 947 618 1066 
person 0.98756943 989 961 1015 1028 
person 0.98874451 1072 955 1099 1005 
person 0.99818451 1783 954 1808 1015 
person 0.99489822 2028 953 2047 1014 
person 0.99601158 2538 956 2559 1023 
person 0.86157211 2083 961 2106 1025 
person 0.99633179 2808 961 2858 1047 
person 0.6314957 2560 956 2570 1028 
