person 0.98802673 465 947 483 1001 
person 0.9829689 73 948 84 976 
person 0.97796516 57 949 67 974 
person 0.91214722 42 951 55 975 
person 0.99862251 753 949 775 1047 
person 0.99268333 915 958 948 1102 
person 0.98458107 725 948 752 1044 
person 0.9961264 1261 954 1280 994 
person 0.99467705 1493 958 1528 1047 
person 0.95570374 1120 956 1136 1004 
person 0.57459198 1392 953 1404 973 
person 0.99780037 1939 952 1963 1010 
person 0.94016861 1745 962 1773 1004 
person 0.99912735 2583 947 2605 1022 
person 0.97230217 3562 943 3583 1076 
person 0.97774429 3584 959 3603 1077 
