person 0.98793915 465 947 483 1001 
person 0.98347237 73 948 84 976 
person 0.9780735 57 949 67 975 
person 0.90937866 42 951 55 974 
person 0.99877785 753 948 775 1047 
person 0.99289291 915 958 948 1101 
person 0.98918587 725 948 752 1044 
person 0.99649452 1261 954 1280 994 
person 0.99457832 1493 958 1528 1047 
person 0.95549606 1120 956 1136 1004 
person 0.5798764 1392 953 1404 973 
person 0.99777809 1939 952 1963 1010 
person 0.94008789 1745 962 1773 1004 
person 0.99915474 2583 947 2605 1022 
person 0.97594246 3561 944 3583 1076 
person 0.97751381 3584 958 3603 1077 
