person 0.98952568 465 947 483 1001 
person 0.96747559 57 949 69 975 
person 0.92659393 42 951 56 974 
person 0.90968834 75 948 84 976 
person 0.99866249 754 948 776 1048 
person 0.99718109 915 959 948 1100 
person 0.99667938 724 950 753 1043 
person 0.99667488 1261 955 1281 995 
person 0.98992241 1489 962 1524 1046 
person 0.93737946 1120 956 1137 1003 
person 0.55554379 1392 954 1404 973 
person 0.99803368 1940 952 1962 1009 
person 0.97797882 1742 961 1773 1006 
person 0.99931473 2582 947 2605 1022 
person 0.98738518 3560 945 3583 1075 
person 0.97179504 3584 955 3601 1080 
