person 0.98956047 465 947 483 1001 
person 0.97105843 58 949 69 974 
person 0.93821907 42 951 56 974 
person 0.90998047 77 948 85 975 
person 0.9989653 754 948 776 1047 
person 0.9966745 724 950 753 1043 
person 0.99587288 915 959 948 1101 
person 0.99768738 1261 955 1281 995 
person 0.9876078 1489 963 1524 1048 
person 0.95446983 1120 956 1137 1003 
person 0.55714012 1392 954 1404 973 
person 0.99816887 1940 953 1962 1009 
person 0.98557693 1733 958 1774 1006 
person 0.99930023 2582 947 2605 1022 
person 0.98858353 3555 951 3583 1067 
person 0.95717903 3584 955 3601 1080 
