person 0.97680603 421 950 439 1001 
person 0.96973694 207 950 219 978 
person 0.89792542 197 950 207 977 
person 0.87948067 181 951 191 978 
person 0.99963608 579 950 627 1067 
person 0.99930809 628 960 686 1076 
person 0.99589806 976 957 1008 1006 
person 0.99439369 873 959 901 1032 
person 0.53218037 1392 953 1403 972 
person 0.99764908 1692 967 1720 1021 
person 0.99716393 2028 952 2047 1016 
person 0.99606186 2512 963 2558 1054 
person 0.99480263 2303 960 2336 1052 
person 0.99944092 2585 966 2645 1066 
person 0.88903206 2560 973 2570 1009 
