person 0.98057571 208 949 219 977 
person 0.97326454 421 949 438 1001 
person 0.94564453 199 950 208 976 
person 0.88104774 185 950 194 978 
person 0.99957535 580 949 626 1066 
person 0.99911674 679 965 759 1206 
person 0.99467239 870 958 896 1033 
person 0.99259422 973 958 1001 1007 
person 0.53038586 1392 953 1403 972 
person 0.99724808 2027 952 2047 1015 
person 0.99568436 1687 966 1712 1020 
person 0.9941642 2520 967 2559 1053 
person 0.99028496 2309 960 2343 1053 
person 0.99937057 2583 967 2637 1065 
person 0.54856979 2568 1185 2617 1215 
