person 0.98118301 209 949 218 977 
person 0.97958794 420 949 437 1001 
person 0.95914696 200 950 209 977 
person 0.87473206 185 951 195 978 
person 0.99963295 580 949 625 1066 
person 0.99952713 682 967 760 1213 
person 0.99004387 973 959 999 1006 
person 0.98968628 867 959 895 1031 
person 0.53817242 1392 953 1403 972 
person 0.99731842 2027 952 2047 1016 
person 0.99454971 1688 965 1709 1020 
person 0.9884761 2313 960 2345 1053 
person 0.97793846 2519 967 2559 1053 
person 0.99814018 2579 960 2633 1061 
