person 0.99009857 465 946 483 1001 
person 0.97964355 58 949 70 974 
person 0.95874908 43 951 56 974 
person 0.95858086 77 948 86 975 
person 0.99899223 755 949 776 1046 
person 0.99706802 724 950 753 1043 
person 0.99369408 914 958 948 1102 
person 0.99775833 1261 955 1282 995 
person 0.98731163 1488 962 1523 1048 
person 0.97101219 1120 955 1138 1004 
person 0.56013626 1392 954 1404 973 
person 0.99821808 1940 953 1962 1010 
person 0.99473999 1734 958 1773 1006 
person 0.99927734 2582 947 2605 1022 
person 0.99384628 3555 952 3583 1068 
person 0.95001106 3584 954 3600 1081 
