person 0.9910881 465 946 483 1001 
person 0.97802498 59 949 70 974 
person 0.97061371 43 951 56 975 
person 0.95830849 77 948 87 975 
person 0.99837952 755 949 777 1047 
person 0.99784416 720 951 753 1043 
person 0.99208122 914 958 950 1101 
person 0.99695709 1262 956 1283 995 
person 0.98751068 1488 962 1523 1047 
person 0.9772113 1120 956 1138 1003 
person 0.5477673 1392 953 1404 973 
person 0.99849823 1940 953 1961 1010 
person 0.99802223 1728 956 1771 1006 
person 0.99932579 2582 948 2605 1022 
person 0.99813179 3554 952 3583 1067 
person 0.96305664 3584 954 3599 1079 
