person 0.99100914 465 946 483 1001 
person 0.97022827 59 949 70 974 
person 0.95921684 78 948 86 975 
person 0.95907593 44 951 56 975 
person 0.99717758 755 950 777 1046 
person 0.99678764 722 950 753 1044 
person 0.99572769 914 959 949 1101 
person 0.99691429 1262 956 1282 995 
person 0.9861396 1488 962 1522 1047 
person 0.98442978 1119 956 1138 1004 
person 0.54497158 1392 953 1404 973 
person 0.99857346 1729 956 1770 1007 
person 0.99845207 1940 953 1961 1010 
person 0.99932388 2582 948 2605 1022 
person 0.99844948 3554 952 3583 1068 
person 0.96604362 3584 952 3599 1081 
