person 0.99207008 465 946 483 1002 
person 0.96664543 78 948 87 974 
person 0.9591993 45 951 55 975 
person 0.93914047 60 949 70 974 
person 0.99561081 722 949 752 1044 
person 0.99521782 756 950 778 1045 
person 0.99429054 913 959 951 1102 
person 0.9934996 1262 957 1284 994 
person 0.9908387 1117 956 1138 1004 
person 0.98537231 1487 961 1521 1048 
person 0.53326202 1392 953 1404 973 
person 0.99846741 1940 953 1960 1009 
person 0.99667908 1728 957 1769 1005 
person 0.99932083 2582 948 2605 1022 
person 0.99685303 3554 951 3582 1069 
person 0.97147972 3584 955 3599 1078 
