person 0.99072868 465 946 483 1001 
person 0.96889687 79 948 87 975 
person 0.96888885 45 951 56 976 
person 0.90711609 61 950 70 974 
person 0.99519882 723 950 753 1044 
person 0.99483643 912 957 953 1103 
person 0.99209518 756 952 778 1043 
person 0.99533699 1116 957 1139 1005 
person 0.99122147 1264 957 1285 994 
person 0.98762878 1486 962 1523 1048 
person 0.55007084 1392 953 1404 973 
person 0.99870483 1940 953 1960 1010 
person 0.99083946 1729 956 1766 1005 
person 0.99933487 2582 948 2605 1022 
person 0.99774658 3554 950 3583 1070 
person 0.96766312 3584 955 3599 1077 
