person 0.99303207 465 946 484 1002 
person 0.98163132 83 949 93 975 
person 0.96951958 66 949 74 975 
person 0.95113663 50 951 60 975 
person 0.99835533 723 945 747 1048 
person 0.99621246 760 955 786 1040 
person 0.98521133 915 963 962 1106 
person 0.98860832 1276 956 1297 993 
person 0.98605675 1121 960 1149 1004 
person 0.98351189 1473 950 1503 1044 
person 0.66041908 1392 953 1403 972 
person 0.99776939 1937 952 1958 1010 
person 0.95723526 1717 957 1744 1007 
person 0.99942978 2582 948 2605 1022 
person 0.99192375 3560 951 3583 1070 
person 0.748452 3585 959 3597 1074 
