person 0.9933918 465 946 484 1002 
person 0.982127 83 949 93 975 
person 0.97161331 66 949 75 975 
person 0.95595467 50 951 61 976 
person 0.99717369 758 955 791 1039 
person 0.99690971 723 946 747 1046 
person 0.97643211 915 964 962 1105 
person 0.98916008 1472 951 1502 1042 
person 0.98814697 1276 956 1298 993 
person 0.66588661 1392 953 1403 973 
person 0.64381775 1121 960 1151 1004 
person 0.99696327 1937 952 1958 1010 
person 0.9738842 1716 958 1742 1006 
person 0.99941154 2582 948 2605 1022 
person 0.9885289 3560 951 3583 1069 
person 0.54848946 3585 959 3595 1073 
