person 0.9933918 465 946 484 1002 
person 0.98391632 83 949 94 975 
person 0.97767525 66 949 76 975 
person 0.95887909 50 951 61 976 
person 0.99715057 723 946 747 1045 
person 0.99597923 758 955 791 1039 
person 0.9840023 915 965 963 1104 
person 0.98598686 1473 954 1500 1040 
person 0.98315468 1277 956 1297 993 
person 0.89646927 1125 962 1150 1003 
person 0.66408722 1392 953 1403 973 
person 0.99693077 1937 952 1958 1010 
person 0.98509758 1716 958 1739 1005 
person 0.99941154 2582 948 2605 1022 
person 0.9836348 3559 951 3583 1069 
person 0.55017567 3585 962 3597 1071 
