person 0.99376434 465 946 484 1002 
person 0.9824839 66 949 76 975 
person 0.9808062 83 949 94 975 
person 0.96667862 49 951 61 976 
person 0.99772171 759 956 793 1039 
person 0.99644051 722 946 747 1045 
person 0.99081024 915 964 964 1105 
person 0.98862144 1471 950 1502 1041 
person 0.98339386 1278 955 1298 994 
person 0.66677269 1392 953 1403 972 
person 0.6397401 1125 961 1151 1004 
person 0.99684029 1936 952 1957 1010 
person 0.98731506 1716 958 1739 1004 
person 0.99940392 2582 948 2605 1022 
person 0.96677536 3560 951 3583 1068 
