person 0.99410225 465 946 484 1002 
person 0.98467567 85 949 94 976 
person 0.97209877 50 952 61 976 
person 0.9668232 66 949 77 975 
person 0.99942772 759 955 795 1038 
person 0.99389954 722 946 747 1045 
person 0.98842102 918 967 964 1102 
person 0.99490959 1285 955 1299 996 
person 0.98854935 1470 952 1496 1036 
person 0.92541016 1128 964 1154 1003 
person 0.66696892 1392 953 1403 972 
person 0.50907673 1403 966 1410 983 
person 0.99636368 1935 953 1957 1010 
person 0.9952356 1712 959 1734 1005 
person 0.99938034 2582 948 2606 1021 
person 0.97835449 3559 951 3583 1069 
person 0.61935162 3584 960 3595 1071 
