person 0.99548569 465 946 483 1003 
person 0.97452774 86 949 94 976 
person 0.9577047 67 949 78 975 
person 0.95333397 51 951 62 976 
person 0.9997477 760 957 796 1038 
person 0.99533112 922 969 969 1101 
person 0.99420731 722 945 746 1046 
person 0.98615494 1287 956 1302 994 
person 0.97979416 1467 956 1489 1036 
person 0.93642578 1135 962 1161 1002 
person 0.63763535 1392 953 1403 972 
person 0.99702896 1710 958 1732 1006 
person 0.99693916 1934 953 1956 1009 
person 0.9993589 2582 948 2606 1022 
person 0.98397598 3559 951 3583 1067 
person 0.66585503 3584 961 3595 1070 
