person 0.99527802 465 946 483 1003 
person 0.97515373 86 949 95 976 
person 0.94895691 69 949 80 975 
person 0.94809212 51 950 61 976 
person 0.99981506 759 957 797 1038 
person 0.99529121 722 945 746 1046 
person 0.99496155 923 971 969 1099 
person 0.99144928 1466 956 1489 1036 
person 0.98695015 1288 956 1303 994 
person 0.95300529 1134 962 1161 1003 
person 0.6571907 1392 953 1403 972 
person 0.50674374 1403 966 1410 983 
person 0.99693512 1934 953 1956 1010 
person 0.9960405 1710 958 1731 1006 
person 0.99936653 2582 948 2606 1022 
person 0.97683784 3558 951 3583 1067 
person 0.65120796 3584 961 3595 1070 
