person 0.98978851 466 947 485 1001 
person 0.97977463 45 949 54 975 
person 0.96904305 31 950 41 975 
person 0.96568398 64 949 74 975 
person 0.99788055 912 961 941 1099 
person 0.99252007 718 950 754 1045 
person 0.99837044 1497 954 1526 1051 
person 0.98311081 1259 952 1271 995 
person 0.88826492 1119 955 1132 1001 
person 0.50274731 1392 953 1404 972 
person 0.9972184 1939 952 1959 1010 
person 0.97317444 1762 957 1790 1004 
person 0.99880562 2583 948 2607 1021 
person 0.99897392 3585 950 3640 1082 
