person 0.99476692 465 946 484 1002 
person 0.98784851 87 948 96 976 
person 0.98238716 69 949 80 975 
person 0.93151634 51 949 63 976 
person 0.99986336 759 958 799 1038 
person 0.99495552 924 974 976 1095 
person 0.99445587 716 950 748 1041 
person 0.99659996 1290 957 1306 995 
person 0.99539429 1461 960 1487 1036 
person 0.97492546 1135 964 1163 1003 
person 0.63540958 1392 953 1403 972 
person 0.50967251 1403 966 1410 983 
person 0.99660156 1934 954 1955 1009 
person 0.99389854 1708 957 1729 1006 
person 0.99934799 2582 948 2606 1022 
person 0.97058914 3558 952 3583 1068 
person 0.73606552 3584 962 3595 1070 
