person 0.99448402 466 946 484 1003 
person 0.9861618 88 948 97 976 
person 0.98274902 70 949 79 974 
person 0.93646416 57 949 67 976 
person 0.99979683 759 959 800 1037 
person 0.99863342 924 970 981 1096 
person 0.99728531 715 949 748 1041 
person 0.99280632 1460 960 1486 1036 
person 0.98859009 1135 962 1166 1003 
person 0.98729355 1293 958 1309 995 
person 0.62855507 1392 953 1403 972 
person 0.99652939 1933 954 1955 1009 
person 0.98966003 1708 956 1728 1005 
person 0.99928757 2582 948 2606 1021 
person 0.99571213 3553 950 3583 1069 
person 0.53124928 3585 963 3595 1069 
