person 0.99427963 466 946 484 1002 
person 0.98230568 71 949 80 974 
person 0.97319611 58 950 68 976 
person 0.96674858 89 949 97 975 
person 0.99944839 759 959 801 1037 
person 0.99798508 716 949 748 1041 
person 0.99722115 923 969 982 1093 
person 0.99748878 1455 966 1485 1037 
person 0.99608765 1294 958 1310 996 
person 0.98902954 1138 962 1169 1002 
person 0.63410412 1392 953 1403 972 
person 0.99650993 1933 954 1954 1010 
person 0.99131035 1707 954 1727 1006 
person 0.99930794 2582 948 2606 1021 
person 0.9979895 3553 950 3583 1068 
person 0.63481598 3585 961 3594 1057 
