person 0.99412193 467 946 484 1002 
person 0.98892822 72 949 82 975 
person 0.98353096 60 950 69 975 
person 0.98111473 89 948 102 975 
person 0.99954803 928 958 992 1088 
person 0.99920761 765 961 811 1036 
person 0.99440369 716 948 747 1042 
person 0.99426788 1449 967 1483 1038 
person 0.99107651 1299 958 1315 996 
person 0.84758751 1156 963 1179 1001 
person 0.63114063 1392 953 1403 972 
person 0.99786499 1931 955 1951 1008 
person 0.99408478 1703 955 1725 1006 
person 0.99911842 2582 948 2607 1022 
person 0.99780777 3550 951 3583 1065 
person 0.69721893 3584 961 3595 1054 
