person 0.99352112 467 946 484 1002 
person 0.98939232 73 949 83 975 
person 0.98248634 89 948 102 975 
person 0.98197319 60 950 69 975 
person 0.99964294 929 958 992 1088 
person 0.99939606 767 961 811 1036 
person 0.99327957 716 949 747 1042 
person 0.99479553 1299 957 1316 997 
person 0.99226288 1449 966 1482 1037 
person 0.82101265 1156 963 1181 1001 
person 0.63287342 1392 953 1403 973 
person 0.99825066 1931 955 1951 1009 
person 0.99292847 1702 955 1725 1005 
person 0.99918297 2583 948 2607 1022 
person 0.99878098 3549 951 3583 1066 
person 0.69832344 3584 962 3595 1053 
