person 0.9923584 467 947 484 1001 
person 0.98945305 90 949 103 975 
person 0.97161171 75 949 83 975 
person 0.96743797 60 951 69 975 
person 0.99984489 928 960 996 1084 
person 0.9980014 778 962 815 1035 
person 0.99282166 716 949 748 1042 
person 0.99135216 1301 957 1317 994 
person 0.98974815 1445 964 1477 1032 
person 0.96807358 1161 962 1187 1002 
person 0.60810207 1392 953 1403 972 
person 0.99729111 1700 956 1724 1006 
person 0.9966629 1931 954 1951 1009 
person 0.99910522 2583 948 2607 1022 
person 0.99453148 3548 951 3583 1064 
person 0.75698502 3584 967 3599 1045 
