person 0.99235855 467 947 484 1001 
person 0.98969421 91 949 102 976 
person 0.97559319 59 951 70 975 
person 0.96962677 76 949 86 975 
person 0.99841339 933 961 995 1085 
person 0.99461174 785 960 815 1037 
person 0.99131027 717 949 748 1042 
person 0.99048111 1443 964 1474 1032 
person 0.98961517 1301 956 1320 995 
person 0.96816269 1162 964 1191 1001 
person 0.57714947 1392 953 1403 972 
person 0.99739227 1699 957 1725 1006 
person 0.99630753 1931 953 1951 1009 
person 0.99912521 2583 948 2607 1022 
person 0.99174294 3550 951 3583 1064 
person 0.90397873 3584 967 3600 1048 
