person 0.984841823578 1493.0 958.0 1522.0 1046.0 
person 0.9772529006 3585.0 957.0 3646.0 1079.0 
person 0.95600515604 2582.0 950.0 2607.0 1015.0 
person 0.95253098011 907.0 957.0 938.0 1096.0 
person 0.94995123148 1938.0 953.0 1960.0 1008.0 
person 0.936174571514 710.0 954.0 749.0 1041.0 
person 0.91445940733 1113.0 953.0 1130.0 1000.0 
person 0.892702758312 1766.0 961.0 1787.0 1003.0 
person 0.891589224339 1250.0 952.0 1267.0 994.0 
person 0.844347298145 735.0 953.0 761.0 1041.0 
person 0.792022407055 463.0 946.0 477.0 997.0 
person 0.753026723862 907.0 988.0 931.0 1097.0 
person 0.631553709507 29.0 946.0 39.0 975.0 
person 0.552939176559 38.0 947.0 43.0 975.0 
person 0.5476308465 36.0 948.0 41.0 975.0 
person 0.4306384027 33.0 950.0 41.0 976.0 
person 0.428917318583 64.0 947.0 73.0 972.0 
person 0.357482552528 52.0 949.0 59.0 974.0 
person 0.349313467741 907.0 959.0 934.0 1050.0 
person 0.339855641127 1255.0 950.0 1271.0 993.0 
person 0.338296771049 740.0 954.0 760.0 1024.0 
person 0.32432577014 30.0 951.0 36.0 977.0 
person 0.309317201376 43.0 951.0 49.0 974.0 
