person 0.984631478786 3557.0 952.0 3605.0 1070.0 
person 0.984342455864 932.0 965.0 989.0 1078.0 
person 0.983216226101 779.0 960.0 814.0 1032.0 
person 0.97421091795 2582.0 950.0 2608.0 1014.0 
person 0.972123920918 1695.0 953.0 1720.0 1007.0 
person 0.963095486164 1927.0 953.0 1949.0 1009.0 
person 0.960351526737 708.0 950.0 742.0 1044.0 
person 0.959639728069 1438.0 959.0 1467.0 1032.0 
person 0.945769250393 1297.0 952.0 1313.0 995.0 
person 0.912186324596 1159.0 963.0 1189.0 997.0 
person 0.792307972908 464.0 949.0 476.0 998.0 
person 0.658400774002 58.0 947.0 67.0 975.0 
person 0.654637992382 89.0 947.0 100.0 975.0 
person 0.480464279652 57.0 949.0 63.0 976.0 
person 0.452664107084 84.0 948.0 95.0 973.0 
person 0.411151707172 67.0 947.0 75.0 974.0 
