person 0.987063229084 3556.0 951.0 3604.0 1069.0 
person 0.981992483139 780.0 960.0 813.0 1032.0 
person 0.975974619389 936.0 979.0 987.0 1076.0 
person 0.975078344345 2582.0 950.0 2608.0 1014.0 
person 0.966786384583 1696.0 953.0 1720.0 1006.0 
person 0.962962388992 1927.0 952.0 1949.0 1009.0 
person 0.960487723351 708.0 950.0 742.0 1044.0 
person 0.958418309689 1438.0 960.0 1465.0 1031.0 
person 0.945541858673 1297.0 951.0 1314.0 995.0 
person 0.849920153618 1162.0 962.0 1190.0 997.0 
person 0.780601322651 464.0 949.0 476.0 998.0 
person 0.720837175846 88.0 946.0 100.0 974.0 
person 0.658357977867 58.0 947.0 68.0 975.0 
person 0.5208542943 85.0 947.0 96.0 973.0 
person 0.477818697691 57.0 949.0 64.0 976.0 
person 0.392429709435 68.0 947.0 76.0 974.0 
