person 0.991813421249 947.0 957.0 1004.0 1079.0 
person 0.984028279781 3557.0 950.0 3601.0 1068.0 
person 0.981646120548 783.0 961.0 814.0 1034.0 
person 0.973980784416 2583.0 950.0 2608.0 1015.0 
person 0.965609192848 1926.0 952.0 1949.0 1009.0 
person 0.960313796997 1695.0 953.0 1715.0 1006.0 
person 0.950852513313 708.0 952.0 743.0 1044.0 
person 0.945753455162 1436.0 959.0 1458.0 1028.0 
person 0.93541675806 1298.0 952.0 1315.0 996.0 
person 0.863355576992 1164.0 963.0 1195.0 997.0 
person 0.801499843597 463.0 948.0 478.0 997.0 
person 0.637061476707 59.0 947.0 69.0 976.0 
person 0.566010415554 66.0 947.0 75.0 975.0 
person 0.479050427675 90.0 946.0 101.0 973.0 
person 0.405026316643 57.0 949.0 64.0 976.0 
person 0.314170122147 84.0 949.0 92.0 973.0 
