person 0.993007421494 952.0 958.0 1005.0 1079.0 
person 0.982871413231 3557.0 951.0 3602.0 1068.0 
person 0.977274417877 783.0 962.0 815.0 1034.0 
person 0.972865879536 2584.0 950.0 2609.0 1015.0 
person 0.971810638905 1926.0 952.0 1949.0 1009.0 
person 0.957556962967 1694.0 954.0 1713.0 1005.0 
person 0.95433485508 708.0 951.0 743.0 1043.0 
person 0.925623655319 1298.0 952.0 1315.0 995.0 
person 0.908599555492 1435.0 956.0 1457.0 1028.0 
person 0.822916388512 463.0 948.0 478.0 997.0 
person 0.797476351261 1163.0 961.0 1197.0 997.0 
person 0.666338801384 58.0 947.0 69.0 976.0 
person 0.567327618599 64.0 947.0 75.0 975.0 
person 0.365641504526 92.0 947.0 102.0 974.0 
person 0.340253382921 84.0 949.0 92.0 973.0 
