person 0.989415168762 956.0 954.0 1012.0 1077.0 
person 0.98117184639 3557.0 948.0 3601.0 1066.0 
person 0.977288424969 782.0 961.0 818.0 1034.0 
person 0.976092040539 2584.0 950.0 2609.0 1015.0 
person 0.972475528717 1926.0 952.0 1949.0 1009.0 
person 0.956389307976 1693.0 957.0 1711.0 1005.0 
person 0.953368425369 1434.0 958.0 1455.0 1031.0 
person 0.937910556793 708.0 952.0 743.0 1043.0 
person 0.917440772057 1299.0 951.0 1316.0 995.0 
person 0.819987773895 463.0 948.0 478.0 997.0 
person 0.747905194759 1170.0 962.0 1199.0 996.0 
person 0.63990855217 64.0 947.0 74.0 975.0 
person 0.426735430956 57.0 949.0 64.0 976.0 
person 0.305377960205 92.0 948.0 102.0 974.0 
