person 0.994368612766 957.0 955.0 1013.0 1077.0 
person 0.982683479786 782.0 960.0 820.0 1034.0 
person 0.978565871716 3557.0 948.0 3598.0 1066.0 
person 0.974970340729 1925.0 953.0 1948.0 1009.0 
person 0.973179399967 2584.0 950.0 2610.0 1015.0 
person 0.96619284153 1432.0 961.0 1454.0 1029.0 
person 0.955756723881 1693.0 956.0 1711.0 1005.0 
person 0.94449287653 709.0 951.0 743.0 1043.0 
person 0.930385529995 1301.0 950.0 1318.0 994.0 
person 0.872675776482 1177.0 961.0 1201.0 996.0 
person 0.828944206238 463.0 948.0 478.0 997.0 
person 0.685060560703 59.0 947.0 69.0 976.0 
person 0.620312511921 65.0 948.0 74.0 975.0 
person 0.495093375444 92.0 947.0 101.0 972.0 
person 0.459329158068 58.0 949.0 64.0 976.0 
person 0.339966505766 1185.0 961.0 1205.0 997.0 
