person 0.996319413185 960.0 953.0 1014.0 1076.0 
person 0.990594625473 784.0 960.0 827.0 1034.0 
person 0.981504380703 2585.0 947.0 2612.0 1015.0 
person 0.973222672939 1925.0 952.0 1947.0 1009.0 
person 0.952643156052 1692.0 956.0 1709.0 1004.0 
person 0.94522446394 1429.0 957.0 1452.0 1032.0 
person 0.937590718269 3559.0 953.0 3594.0 1065.0 
person 0.924556553364 711.0 954.0 743.0 1040.0 
person 0.922175168991 1304.0 950.0 1320.0 993.0 
person 0.893373668194 1185.0 960.0 1207.0 997.0 
person 0.840794146061 463.0 947.0 478.0 997.0 
person 0.656841874123 60.0 948.0 70.0 975.0 
person 0.638197243214 65.0 948.0 75.0 975.0 
person 0.590658783913 93.0 947.0 103.0 972.0 
person 0.506702780724 59.0 950.0 65.0 976.0 
person 0.321667820215 85.0 949.0 92.0 972.0 
person 0.307167351246 67.0 953.0 76.0 977.0 
