person 0.995496988297 961.0 951.0 1015.0 1071.0 
person 0.98959839344 785.0 960.0 829.0 1034.0 
person 0.983563542366 2586.0 947.0 2613.0 1015.0 
person 0.971765041351 1924.0 952.0 1947.0 1010.0 
person 0.949904739857 1426.0 962.0 1450.0 1029.0 
person 0.946109831333 1691.0 957.0 1708.0 1003.0 
person 0.921040654182 709.0 955.0 745.0 1043.0 
person 0.920547544956 1188.0 959.0 1209.0 997.0 
person 0.898967683315 3559.0 965.0 3592.0 1064.0 
person 0.846512317657 463.0 947.0 478.0 997.0 
person 0.832062661648 1305.0 950.0 1322.0 994.0 
person 0.638206541538 65.0 949.0 75.0 975.0 
person 0.626333296299 93.0 947.0 103.0 971.0 
person 0.433698326349 59.0 951.0 65.0 976.0 
person 0.371593892574 83.0 948.0 91.0 972.0 
person 0.328444540501 67.0 952.0 77.0 976.0 
