person 0.995415210724 962.0 950.0 1014.0 1071.0 
person 0.985321342945 2586.0 948.0 2613.0 1015.0 
person 0.976126194 788.0 960.0 831.0 1032.0 
person 0.972334206104 1924.0 952.0 1946.0 1010.0 
person 0.97029954195 1690.0 956.0 1707.0 1003.0 
person 0.960766732693 1423.0 961.0 1448.0 1027.0 
person 0.95138913393 1188.0 960.0 1210.0 998.0 
person 0.932088792324 711.0 950.0 748.0 1040.0 
person 0.900057315826 1305.0 950.0 1321.0 994.0 
person 0.866096496582 3557.0 964.0 3592.0 1064.0 
person 0.849340319633 463.0 947.0 478.0 997.0 
person 0.647581398487 66.0 949.0 75.0 976.0 
person 0.55370092392 60.0 950.0 66.0 976.0 
person 0.515965104103 92.0 947.0 103.0 972.0 
person 0.361849993467 68.0 953.0 77.0 977.0 
person 0.343512833118 84.0 950.0 91.0 972.0 
