person 0.995264172554 962.0 950.0 1014.0 1071.0 
person 0.985444009304 2586.0 947.0 2613.0 1015.0 
person 0.978017747402 788.0 960.0 831.0 1032.0 
person 0.971999883652 1925.0 952.0 1946.0 1010.0 
person 0.970672488213 1689.0 956.0 1707.0 1003.0 
person 0.957659542561 1423.0 963.0 1448.0 1027.0 
person 0.951837301254 1188.0 960.0 1210.0 998.0 
person 0.931702136993 710.0 953.0 747.0 1042.0 
person 0.880367696285 3557.0 962.0 3592.0 1065.0 
person 0.85145252943 463.0 947.0 478.0 997.0 
person 0.814612090588 1305.0 950.0 1321.0 994.0 
person 0.643299043179 65.0 949.0 75.0 976.0 
person 0.536253631115 60.0 951.0 66.0 976.0 
person 0.493986845016 92.0 947.0 103.0 972.0 
person 0.376124769449 84.0 949.0 91.0 972.0 
person 0.341447919607 68.0 953.0 77.0 977.0 
