person 0.993600547314 970.0 955.0 1017.0 1068.0 
person 0.990667402744 790.0 959.0 835.0 1033.0 
person 0.984816491604 2587.0 947.0 2613.0 1016.0 
person 0.971925795078 1924.0 953.0 1945.0 1009.0 
person 0.971847891808 1193.0 959.0 1221.0 996.0 
person 0.952082753181 1688.0 957.0 1704.0 1003.0 
person 0.931225299835 1422.0 958.0 1444.0 1026.0 
person 0.929460525513 708.0 957.0 746.0 1043.0 
person 0.927570998669 1306.0 950.0 1322.0 993.0 
person 0.851740241051 3556.0 979.0 3591.0 1064.0 
person 0.827431976795 464.0 948.0 478.0 997.0 
person 0.622698426247 67.0 948.0 76.0 976.0 
person 0.53468978405 93.0 948.0 103.0 972.0 
person 0.455836683512 63.0 951.0 68.0 976.0 
person 0.434064984322 84.0 949.0 91.0 973.0 
person 0.368878722191 468.0 949.0 481.0 998.0 
