person 0.991225302219 969.0 955.0 1017.0 1068.0 
person 0.990313410759 791.0 959.0 835.0 1033.0 
person 0.98433059454 2587.0 947.0 2613.0 1016.0 
person 0.982907831669 1192.0 957.0 1223.0 996.0 
person 0.970111548901 1924.0 953.0 1945.0 1009.0 
person 0.94865834713 708.0 958.0 746.0 1043.0 
person 0.942590117455 1688.0 960.0 1705.0 1005.0 
person 0.928684949875 1420.0 962.0 1441.0 1026.0 
person 0.912969529629 1306.0 951.0 1322.0 993.0 
person 0.8473046422 3556.0 980.0 3590.0 1064.0 
person 0.830002188683 464.0 948.0 478.0 997.0 
person 0.637149870396 68.0 948.0 77.0 975.0 
person 0.589738070965 94.0 945.0 104.0 972.0 
person 0.462722212076 63.0 950.0 68.0 976.0 
person 0.404508620501 85.0 948.0 92.0 973.0 
person 0.372972100973 468.0 949.0 481.0 998.0 
person 0.318283081055 71.0 953.0 79.0 977.0 
