person 0.984805643559 2587.0 948.0 2613.0 1016.0 
person 0.98305952549 793.0 958.0 834.0 1033.0 
person 0.979241669178 1193.0 958.0 1225.0 995.0 
person 0.970210194588 1924.0 953.0 1945.0 1009.0 
person 0.948744773865 1687.0 960.0 1705.0 1005.0 
person 0.932723343372 708.0 958.0 746.0 1044.0 
person 0.922367215157 1307.0 952.0 1323.0 992.0 
person 0.916786670685 1419.0 964.0 1440.0 1026.0 
person 0.872443258762 975.0 963.0 1015.0 1040.0 
person 0.832391023636 3556.0 981.0 3590.0 1063.0 
person 0.823558270931 465.0 948.0 478.0 997.0 
person 0.638708353043 69.0 948.0 77.0 975.0 
person 0.633172333241 94.0 946.0 104.0 972.0 
person 0.48919454217 975.0 1033.0 1003.0 1067.0 
person 0.47058686614 972.0 1038.0 995.0 1067.0 
person 0.428067117929 64.0 950.0 69.0 976.0 
person 0.419281005859 84.0 948.0 91.0 973.0 
person 0.404600858688 1425.0 963.0 1447.0 1025.0 
person 0.358784377575 468.0 948.0 481.0 998.0 
person 0.30075532198 72.0 953.0 79.0 977.0 
