person 0.982622861862 2588.0 948.0 2612.0 1016.0 
person 0.976356387138 796.0 959.0 833.0 1032.0 
person 0.97160667181 1194.0 957.0 1226.0 995.0 
person 0.96389746666 1923.0 954.0 1945.0 1008.0 
person 0.955253899097 1686.0 960.0 1705.0 1006.0 
person 0.939748883247 978.0 962.0 1016.0 1061.0 
person 0.909464538097 708.0 959.0 746.0 1042.0 
person 0.904559910297 1307.0 951.0 1323.0 993.0 
person 0.903953671455 1420.0 965.0 1439.0 1026.0 
person 0.828094422817 464.0 947.0 478.0 996.0 
person 0.818350553513 3557.0 981.0 3590.0 1063.0 
person 0.640631318092 67.0 948.0 76.0 975.0 
person 0.557658553123 94.0 947.0 104.0 974.0 
person 0.502678990364 62.0 950.0 67.0 976.0 
person 0.42855322361 84.0 948.0 91.0 973.0 
person 0.370971947908 70.0 952.0 78.0 976.0 
person 0.362194031477 1427.0 961.0 1446.0 1024.0 
person 0.357320666313 73.0 953.0 80.0 975.0 
person 0.351523786783 1315.0 953.0 1330.0 992.0 
