person 0.982973694801 2588.0 948.0 2613.0 1016.0 
person 0.981341838837 799.0 960.0 836.0 1031.0 
person 0.95650857687 1922.0 953.0 1945.0 1008.0 
person 0.956139743328 710.0 952.0 751.0 1040.0 
person 0.954645335674 1685.0 961.0 1704.0 1005.0 
person 0.939722537994 1418.0 961.0 1439.0 1024.0 
person 0.935047566891 982.0 960.0 1016.0 1052.0 
person 0.914968729019 1308.0 950.0 1324.0 993.0 
person 0.911699593067 1198.0 960.0 1226.0 994.0 
person 0.855408132076 463.0 947.0 478.0 996.0 
person 0.738999843597 3557.0 973.0 3592.0 1064.0 
person 0.685277819633 95.0 945.0 105.0 972.0 
person 0.656942486763 71.0 946.0 81.0 975.0 
person 0.652927815914 68.0 948.0 76.0 976.0 
person 0.508491277695 62.0 950.0 68.0 977.0 
person 0.429263442755 84.0 948.0 91.0 973.0 
person 0.409528881311 86.0 948.0 95.0 973.0 
person 0.388061672449 1316.0 952.0 1330.0 993.0 
person 0.313357919455 1423.0 958.0 1445.0 1023.0 
