person 0.989005386829 804.0 959.0 837.0 1032.0 
person 0.983578681946 2588.0 947.0 2613.0 1015.0 
person 0.970756649971 984.0 959.0 1015.0 1067.0 
person 0.96397703886 715.0 951.0 753.0 1041.0 
person 0.956560373306 1683.0 960.0 1703.0 1004.0 
person 0.954887211323 1415.0 963.0 1437.0 1026.0 
person 0.948825597763 1921.0 952.0 1944.0 1010.0 
person 0.93215328455 3561.0 955.0 3601.0 1062.0 
person 0.919058561325 1309.0 948.0 1327.0 993.0 
person 0.88383102417 1209.0 958.0 1231.0 993.0 
person 0.868017494678 463.0 947.0 478.0 996.0 
person 0.685727536678 70.0 949.0 78.0 974.0 
person 0.591650784016 96.0 947.0 106.0 972.0 
person 0.416032254696 468.0 947.0 481.0 996.0 
person 0.384555727243 1216.0 954.0 1234.0 993.0 
