person 0.985538005829 1494.0 957.0 1522.0 1046.0 
person 0.965226769447 3585.0 959.0 3645.0 1079.0 
person 0.958758413792 2582.0 950.0 2607.0 1015.0 
person 0.953665971756 1938.0 953.0 1960.0 1008.0 
person 0.913508594036 712.0 954.0 746.0 1040.0 
person 0.913121819496 1113.0 954.0 1130.0 1001.0 
person 0.912232100964 907.0 958.0 939.0 1091.0 
person 0.907610654831 1765.0 958.0 1786.0 1001.0 
person 0.875772535801 906.0 999.0 930.0 1097.0 
person 0.87500834465 1250.0 951.0 1267.0 994.0 
person 0.855813682079 462.0 946.0 477.0 996.0 
person 0.854589879513 739.0 955.0 762.0 1038.0 
person 0.71232354641 28.0 946.0 38.0 976.0 
person 0.647724032402 35.0 947.0 41.0 976.0 
person 0.56037658453 40.0 947.0 44.0 975.0 
person 0.551025569439 37.0 948.0 41.0 975.0 
person 0.50430649519 64.0 947.0 74.0 974.0 
person 0.403469413519 32.0 950.0 39.0 977.0 
person 0.35140734911 732.0 958.0 758.0 1038.0 
person 0.330685675144 1255.0 950.0 1271.0 994.0 
