person 0.982826054096 2587.0 948.0 2613.0 1019.0 
person 0.969997167587 729.0 949.0 760.0 1039.0 
person 0.960937082767 1921.0 951.0 1943.0 1007.0 
person 0.959134638309 1680.0 960.0 1697.0 1004.0 
person 0.952959477901 1313.0 951.0 1332.0 996.0 
person 0.947903573513 825.0 953.0 845.0 1028.0 
person 0.943866431713 1232.0 958.0 1253.0 994.0 
person 0.93989109993 994.0 966.0 1027.0 1063.0 
person 0.913929820061 3566.0 950.0 3607.0 1061.0 
person 0.892728984356 463.0 947.0 478.0 997.0 
person 0.856162011623 1407.0 966.0 1430.0 1023.0 
person 0.688356816769 73.0 945.0 83.0 975.0 
person 0.598008692265 100.0 947.0 108.0 972.0 
person 0.55375868082 69.0 947.0 78.0 976.0 
person 0.393731296062 84.0 949.0 91.0 975.0 
person 0.37553742528 84.0 946.0 95.0 975.0 
person 0.347384631634 468.0 948.0 480.0 994.0 
