person 0.983107805252 2587.0 948.0 2612.0 1019.0 
person 0.98048979044 732.0 947.0 764.0 1040.0 
person 0.968725502491 996.0 964.0 1029.0 1064.0 
person 0.964303016663 825.0 951.0 847.0 1029.0 
person 0.959981143475 1680.0 958.0 1697.0 1003.0 
person 0.952694118023 1921.0 951.0 1943.0 1007.0 
person 0.946857690811 1233.0 958.0 1259.0 994.0 
person 0.940515875816 1313.0 951.0 1333.0 997.0 
person 0.929457128048 3567.0 949.0 3605.0 1061.0 
person 0.891128122807 463.0 947.0 478.0 997.0 
person 0.816027164459 1408.0 968.0 1430.0 1022.0 
person 0.677200317383 72.0 946.0 83.0 975.0 
person 0.530828297138 101.0 946.0 108.0 972.0 
person 0.456492751837 68.0 948.0 78.0 975.0 
person 0.393664062023 84.0 949.0 91.0 975.0 
person 0.359362334013 467.0 949.0 481.0 994.0 
person 0.340659916401 86.0 947.0 96.0 975.0 
