person 0.982071697712 2587.0 948.0 2612.0 1019.0 
person 0.977114737034 993.0 959.0 1035.0 1064.0 
person 0.973515152931 828.0 953.0 851.0 1029.0 
person 0.966278851032 731.0 950.0 766.0 1039.0 
person 0.954918086529 3567.0 950.0 3605.0 1061.0 
person 0.950894653797 1922.0 952.0 1943.0 1007.0 
person 0.938366889954 1678.0 961.0 1695.0 1004.0 
person 0.913712620735 1315.0 952.0 1335.0 997.0 
person 0.913291871548 1241.0 957.0 1271.0 994.0 
person 0.906826138496 462.0 946.0 478.0 996.0 
person 0.854320645332 1402.0 971.0 1427.0 1020.0 
person 0.642099499702 72.0 946.0 83.0 975.0 
person 0.640312254429 101.0 946.0 109.0 972.0 
person 0.587698578835 1681.0 960.0 1700.0 1002.0 
person 0.565001010895 1409.0 966.0 1431.0 1019.0 
person 0.498112618923 1955.0 895.0 1981.0 970.0 
person 0.463906884193 84.0 949.0 91.0 975.0 
person 0.370011657476 104.0 946.0 115.0 974.0 
person 0.330763667822 468.0 948.0 481.0 994.0 
person 0.322944492102 80.0 949.0 89.0 976.0 
