person 0.98185133934 2587.0 949.0 2612.0 1020.0 
person 0.97970354557 831.0 954.0 858.0 1030.0 
person 0.971988976002 732.0 951.0 769.0 1035.0 
person 0.96673476696 1000.0 962.0 1040.0 1060.0 
person 0.965178310871 3566.0 950.0 3605.0 1061.0 
person 0.954955041409 1922.0 952.0 1942.0 1007.0 
person 0.94902074337 1677.0 961.0 1694.0 1004.0 
person 0.935545623302 1401.0 965.0 1426.0 1021.0 
person 0.923081994057 1316.0 952.0 1336.0 999.0 
person 0.920692205429 462.0 946.0 479.0 997.0 
person 0.849450290203 1254.0 954.0 1276.0 995.0 
person 0.651573240757 71.0 946.0 84.0 975.0 
person 0.549691796303 102.0 948.0 110.0 971.0 
person 0.485839635134 1681.0 960.0 1701.0 1002.0 
person 0.477362304926 1955.0 895.0 1980.0 970.0 
person 0.444310933352 105.0 947.0 116.0 973.0 
person 0.441209256649 83.0 949.0 91.0 975.0 
person 0.377425909042 1244.0 959.0 1275.0 994.0 
person 0.346676379442 79.0 949.0 90.0 976.0 
person 0.319227784872 468.0 948.0 481.0 994.0 
