person 0.985665619373 1002.0 960.0 1047.0 1061.0 
person 0.983404874802 2587.0 949.0 2612.0 1020.0 
person 0.976581990719 833.0 956.0 861.0 1030.0 
person 0.970611035824 3565.0 951.0 3602.0 1063.0 
person 0.963196873665 731.0 954.0 773.0 1036.0 
person 0.95845168829 1921.0 952.0 1942.0 1007.0 
person 0.947847962379 1674.0 961.0 1694.0 1004.0 
person 0.916617453098 1402.0 966.0 1423.0 1021.0 
person 0.911813735962 1319.0 954.0 1339.0 997.0 
person 0.910858392715 462.0 946.0 478.0 996.0 
person 0.891729593277 1261.0 958.0 1278.0 993.0 
person 0.715161085129 72.0 945.0 84.0 975.0 
person 0.619650661945 103.0 947.0 115.0 973.0 
person 0.604425132275 100.0 948.0 110.0 972.0 
person 0.471472412348 83.0 947.0 93.0 975.0 
person 0.445926010609 1681.0 960.0 1701.0 1002.0 
person 0.389347404242 79.0 947.0 90.0 976.0 
person 0.31873446703 468.0 948.0 481.0 994.0 
