person 0.987483620644 1004.0 959.0 1050.0 1059.0 
person 0.983218967915 2587.0 949.0 2612.0 1020.0 
person 0.976373910904 732.0 954.0 778.0 1036.0 
person 0.972092807293 833.0 958.0 862.0 1030.0 
person 0.959021389484 3565.0 952.0 3601.0 1064.0 
person 0.957860171795 1921.0 952.0 1942.0 1007.0 
person 0.947357594967 1674.0 961.0 1693.0 1005.0 
person 0.927390813828 1319.0 954.0 1339.0 996.0 
person 0.906200289726 462.0 946.0 478.0 996.0 
person 0.900778830051 1403.0 967.0 1422.0 1020.0 
person 0.866693556309 1263.0 959.0 1281.0 993.0 
person 0.728181123734 73.0 945.0 84.0 975.0 
person 0.652524530888 105.0 946.0 116.0 973.0 
person 0.582217276096 101.0 947.0 110.0 973.0 
person 0.498391598463 83.0 947.0 93.0 976.0 
person 0.435676306486 80.0 948.0 90.0 976.0 
person 0.305750161409 468.0 948.0 481.0 994.0 
