person 0.987614512444 1005.0 959.0 1051.0 1059.0 
person 0.984251797199 732.0 954.0 779.0 1036.0 
person 0.982866346836 2587.0 949.0 2613.0 1020.0 
person 0.970529973507 3565.0 951.0 3600.0 1064.0 
person 0.962527155876 834.0 958.0 862.0 1030.0 
person 0.955324053764 1921.0 952.0 1942.0 1007.0 
person 0.950759828091 1674.0 962.0 1694.0 1004.0 
person 0.940086066723 1319.0 954.0 1340.0 996.0 
person 0.905232429504 462.0 946.0 478.0 996.0 
person 0.877124547958 1402.0 964.0 1422.0 1020.0 
person 0.853728473186 1266.0 958.0 1283.0 994.0 
person 0.681250691414 73.0 946.0 84.0 975.0 
person 0.628554046154 106.0 945.0 116.0 971.0 
person 0.543917536736 1271.0 959.0 1285.0 996.0 
person 0.542947411537 102.0 947.0 110.0 973.0 
person 0.499170720577 83.0 947.0 93.0 976.0 
person 0.40845105052 80.0 949.0 90.0 976.0 
person 0.329440295696 468.0 948.0 481.0 994.0 
