person 0.9894515872 732.0 954.0 778.0 1036.0 
person 0.982624351978 2587.0 949.0 2612.0 1020.0 
person 0.978861927986 1004.0 962.0 1050.0 1060.0 
person 0.972884356976 3565.0 949.0 3600.0 1062.0 
person 0.966497838497 833.0 958.0 861.0 1030.0 
person 0.957709252834 1921.0 951.0 1942.0 1007.0 
person 0.945112645626 1674.0 961.0 1693.0 1004.0 
person 0.93480861187 1320.0 954.0 1341.0 995.0 
person 0.91007655859 462.0 946.0 478.0 996.0 
person 0.899704456329 1401.0 962.0 1422.0 1021.0 
person 0.886547386646 1267.0 958.0 1284.0 994.0 
person 0.707934260368 72.0 946.0 84.0 975.0 
person 0.682832121849 106.0 946.0 117.0 972.0 
person 0.521942317486 102.0 947.0 111.0 973.0 
person 0.509952247143 82.0 948.0 92.0 976.0 
person 0.370063066483 80.0 950.0 90.0 977.0 
person 0.341206610203 100.0 948.0 109.0 975.0 
person 0.308817625046 467.0 948.0 481.0 995.0 
