person 0.985893249512 1494.0 957.0 1522.0 1046.0 
person 0.983965158463 3586.0 956.0 3643.0 1080.0 
person 0.958690822124 2581.0 950.0 2607.0 1015.0 
person 0.950423955917 1938.0 953.0 1961.0 1008.0 
person 0.913483321667 906.0 1005.0 930.0 1097.0 
person 0.911917328835 712.0 954.0 743.0 1040.0 
person 0.907910585403 1113.0 954.0 1130.0 1001.0 
person 0.902670860291 1763.0 958.0 1786.0 1003.0 
person 0.890289247036 740.0 957.0 763.0 1038.0 
person 0.881498336792 907.0 960.0 939.0 1077.0 
person 0.875809788704 1250.0 951.0 1267.0 994.0 
person 0.8558396101 462.0 946.0 477.0 996.0 
person 0.67244797945 26.0 946.0 38.0 976.0 
person 0.631348609924 35.0 946.0 41.0 976.0 
person 0.546836078167 65.0 947.0 75.0 974.0 
person 0.544198036194 40.0 946.0 44.0 976.0 
person 0.396707564592 31.0 949.0 40.0 978.0 
person 0.309156060219 44.0 948.0 50.0 975.0 
