person 0.99180662632 732.0 954.0 779.0 1036.0 
person 0.987364351749 1016.0 955.0 1052.0 1058.0 
person 0.98319029808 3564.0 950.0 3599.0 1062.0 
person 0.981964886189 2586.0 948.0 2613.0 1020.0 
person 0.974012970924 835.0 958.0 860.0 1030.0 
person 0.956663131714 1921.0 951.0 1943.0 1007.0 
person 0.949821293354 1673.0 960.0 1693.0 1005.0 
person 0.934009075165 1321.0 956.0 1344.0 996.0 
person 0.918107509613 1400.0 959.0 1421.0 1020.0 
person 0.866117417812 463.0 948.0 477.0 998.0 
person 0.81597673893 1277.0 954.0 1292.0 995.0 
person 0.696833252907 74.0 946.0 84.0 976.0 
person 0.670007944107 107.0 947.0 118.0 972.0 
person 0.499036073685 102.0 948.0 110.0 973.0 
person 0.393250823021 77.0 949.0 85.0 977.0 
person 0.375051409006 84.0 951.0 91.0 976.0 
person 0.373427510262 81.0 950.0 90.0 977.0 
