person 0.991979002953 1020.0 954.0 1053.0 1057.0 
person 0.990851938725 733.0 951.0 780.0 1037.0 
person 0.984728395939 3563.0 949.0 3599.0 1061.0 
person 0.981031060219 2587.0 948.0 2613.0 1020.0 
person 0.972622811794 835.0 958.0 860.0 1031.0 
person 0.957533478737 1321.0 956.0 1345.0 996.0 
person 0.955273270607 1921.0 952.0 1943.0 1007.0 
person 0.947047293186 1673.0 959.0 1693.0 1004.0 
person 0.943067491055 1399.0 960.0 1421.0 1019.0 
person 0.897849202156 1279.0 958.0 1297.0 998.0 
person 0.854376733303 463.0 948.0 477.0 998.0 
person 0.712012410164 75.0 946.0 85.0 976.0 
person 0.664770364761 107.0 947.0 119.0 972.0 
person 0.492473036051 101.0 948.0 110.0 973.0 
person 0.466698616743 81.0 948.0 90.0 977.0 
person 0.304272443056 466.0 947.0 480.0 995.0 
