person 0.991802871227 1021.0 952.0 1057.0 1056.0 
person 0.987975776196 734.0 953.0 781.0 1037.0 
person 0.985472381115 3562.0 951.0 3597.0 1060.0 
person 0.983057796955 2586.0 948.0 2613.0 1020.0 
person 0.967385172844 836.0 958.0 860.0 1031.0 
person 0.960864365101 1398.0 959.0 1422.0 1019.0 
person 0.954896569252 1921.0 952.0 1943.0 1008.0 
person 0.943757116795 1672.0 958.0 1695.0 1004.0 
person 0.929555296898 1323.0 957.0 1346.0 995.0 
person 0.920892298222 1283.0 958.0 1307.0 996.0 
person 0.904756784439 462.0 946.0 478.0 996.0 
person 0.661197006702 107.0 946.0 119.0 973.0 
person 0.642778337002 76.0 946.0 86.0 976.0 
person 0.530832648277 101.0 947.0 109.0 973.0 
person 0.494664818048 82.0 948.0 91.0 977.0 
person 0.314581245184 72.0 947.0 81.0 976.0 
