person 0.98617130518 3560.0 949.0 3597.0 1061.0 
person 0.984301269054 2586.0 949.0 2613.0 1020.0 
person 0.971845984459 1025.0 954.0 1058.0 1039.0 
person 0.969225525856 837.0 958.0 860.0 1031.0 
person 0.963675558567 738.0 953.0 783.0 1036.0 
person 0.959549367428 1396.0 961.0 1422.0 1020.0 
person 0.956026315689 1921.0 952.0 1943.0 1008.0 
person 0.950185060501 1672.0 957.0 1693.0 1003.0 
person 0.918677330017 1325.0 958.0 1350.0 997.0 
person 0.898584425449 462.0 946.0 479.0 997.0 
person 0.89630240202 1290.0 958.0 1315.0 995.0 
person 0.72535431385 107.0 945.0 120.0 973.0 
person 0.633457064629 76.0 945.0 86.0 975.0 
person 0.566711843014 84.0 948.0 92.0 975.0 
person 0.479713499546 101.0 947.0 109.0 973.0 
