person 0.983700215816 2586.0 948.0 2613.0 1020.0 
person 0.983583033085 3560.0 950.0 3596.0 1060.0 
person 0.979928791523 1026.0 953.0 1058.0 1049.0 
person 0.970515608788 837.0 959.0 860.0 1031.0 
person 0.952986240387 1921.0 952.0 1943.0 1007.0 
person 0.950758934021 1395.0 961.0 1422.0 1019.0 
person 0.949160158634 1672.0 957.0 1693.0 1003.0 
person 0.944607317448 739.0 953.0 783.0 1035.0 
person 0.9071007967 461.0 946.0 479.0 997.0 
person 0.90633136034 1325.0 959.0 1350.0 998.0 
person 0.882338762283 1291.0 957.0 1315.0 995.0 
person 0.703131854534 107.0 945.0 120.0 973.0 
person 0.60583615303 76.0 946.0 86.0 975.0 
person 0.575518906116 84.0 948.0 92.0 975.0 
person 0.495743185282 100.0 947.0 109.0 973.0 
