person 0.991745889187 3549.0 952.0 3595.0 1062.0 
person 0.980883419514 2586.0 948.0 2612.0 1019.0 
person 0.96562564373 832.0 959.0 859.0 1031.0 
person 0.962661802769 760.0 954.0 789.0 1034.0 
person 0.953044295311 1922.0 952.0 1945.0 1008.0 
person 0.947228908539 1034.0 957.0 1062.0 1051.0 
person 0.938440382481 1673.0 959.0 1694.0 1004.0 
person 0.921113193035 1305.0 960.0 1324.0 999.0 
person 0.915259122849 1400.0 964.0 1424.0 1018.0 
person 0.897399008274 461.0 946.0 478.0 996.0 
person 0.805017769337 1338.0 960.0 1355.0 995.0 
person 0.556504011154 85.0 949.0 94.0 975.0 
person 0.550677001476 110.0 946.0 123.0 972.0 
person 0.387755900621 99.0 948.0 108.0 973.0 
