person 0.983075082302 2586.0 948.0 2612.0 1019.0 
person 0.980331122875 3550.0 952.0 3595.0 1062.0 
person 0.972553014755 832.0 958.0 858.0 1032.0 
person 0.961162030697 1037.0 955.0 1066.0 1049.0 
person 0.945296883583 1922.0 952.0 1944.0 1008.0 
person 0.940282046795 765.0 953.0 791.0 1035.0 
person 0.934397816658 1673.0 960.0 1695.0 1003.0 
person 0.895153880119 461.0 946.0 478.0 996.0 
person 0.887021481991 1400.0 964.0 1424.0 1018.0 
person 0.878169119358 1308.0 959.0 1327.0 999.0 
person 0.747629463673 1337.0 959.0 1351.0 994.0 
person 0.643361330032 1407.0 964.0 1429.0 1012.0 
person 0.589838325977 111.0 946.0 123.0 972.0 
person 0.542259812355 86.0 950.0 95.0 976.0 
person 0.410240978003 99.0 947.0 107.0 974.0 
person 0.306926101446 1347.0 963.0 1361.0 997.0 
