person 0.981546878815 2586.0 949.0 2612.0 1019.0 
person 0.978479206562 3550.0 952.0 3595.0 1063.0 
person 0.972827970982 832.0 958.0 858.0 1032.0 
person 0.957221627235 1037.0 954.0 1066.0 1049.0 
person 0.949627459049 769.0 951.0 794.0 1034.0 
person 0.942647755146 1673.0 959.0 1695.0 1004.0 
person 0.940894424915 1921.0 952.0 1944.0 1008.0 
person 0.897860169411 461.0 946.0 478.0 996.0 
person 0.874962985516 1309.0 957.0 1327.0 998.0 
person 0.818614840508 1400.0 964.0 1424.0 1017.0 
person 0.72177451849 1336.0 959.0 1353.0 995.0 
person 0.567534387112 112.0 946.0 123.0 973.0 
person 0.553634166718 86.0 950.0 95.0 976.0 
person 0.514755547047 1408.0 965.0 1429.0 1012.0 
person 0.408679008484 99.0 948.0 107.0 974.0 
