person 0.984136223793 3548.0 954.0 3593.0 1062.0 
person 0.978199005127 833.0 957.0 855.0 1032.0 
person 0.976485729218 2584.0 949.0 2612.0 1020.0 
person 0.970867753029 771.0 953.0 796.0 1034.0 
person 0.947143018246 1399.0 960.0 1426.0 1016.0 
person 0.945835351944 1674.0 960.0 1694.0 1004.0 
person 0.945060253143 1922.0 953.0 1945.0 1008.0 
person 0.940326750278 1038.0 952.0 1068.0 1054.0 
person 0.895666599274 461.0 946.0 478.0 997.0 
person 0.843250453472 1312.0 958.0 1331.0 996.0 
person 0.705074906349 1339.0 961.0 1361.0 997.0 
person 0.550485670567 87.0 951.0 96.0 975.0 
person 0.497948765755 114.0 947.0 123.0 973.0 
person 0.357420235872 100.0 949.0 107.0 974.0 
