person 0.985139667988 3548.0 953.0 3591.0 1063.0 
person 0.978800952435 2581.0 950.0 2611.0 1020.0 
person 0.968720138073 1401.0 965.0 1435.0 1016.0 
person 0.967365562916 1041.0 949.0 1073.0 1052.0 
person 0.965918242931 833.0 951.0 854.0 1033.0 
person 0.959173560143 1675.0 959.0 1694.0 1005.0 
person 0.942325592041 1924.0 952.0 1946.0 1008.0 
person 0.939663887024 771.0 954.0 798.0 1035.0 
person 0.817073106766 462.0 948.0 479.0 997.0 
person 0.732938885689 1341.0 962.0 1363.0 999.0 
person 0.704746365547 1315.0 958.0 1338.0 996.0 
person 0.586211562157 88.0 950.0 98.0 977.0 
person 0.58168143034 114.0 947.0 123.0 975.0 
person 0.395620882511 101.0 949.0 108.0 975.0 
person 0.386600643396 100.0 948.0 111.0 975.0 
person 0.357776761055 97.0 951.0 106.0 977.0 
