person 0.984343409538 1044.0 956.0 1082.0 1050.0 
person 0.982399046421 3546.0 952.0 3589.0 1063.0 
person 0.981272280216 2579.0 951.0 2611.0 1018.0 
person 0.974499762058 1401.0 971.0 1443.0 1016.0 
person 0.961184859276 829.0 951.0 853.0 1032.0 
person 0.956414997578 1675.0 960.0 1696.0 1005.0 
person 0.947667300701 1926.0 953.0 1946.0 1008.0 
person 0.842598199844 1321.0 962.0 1341.0 1000.0 
person 0.82987844944 462.0 948.0 479.0 996.0 
person 0.798326015472 772.0 961.0 804.0 1035.0 
person 0.778556168079 1343.0 961.0 1364.0 1000.0 
person 0.708790421486 87.0 948.0 96.0 975.0 
person 0.572441995144 116.0 946.0 124.0 972.0 
person 0.52264636755 1317.0 961.0 1335.0 996.0 
person 0.506308615208 1350.0 965.0 1367.0 1002.0 
person 0.362062066793 780.0 969.0 806.0 1033.0 
