person 0.98821169138 1045.0 959.0 1083.0 1049.0 
person 0.982392132282 3547.0 951.0 3588.0 1062.0 
person 0.979545235634 2578.0 951.0 2612.0 1018.0 
person 0.974347054958 1401.0 970.0 1445.0 1016.0 
person 0.957758784294 1675.0 961.0 1696.0 1005.0 
person 0.953713595867 828.0 952.0 852.0 1032.0 
person 0.943454325199 1926.0 953.0 1946.0 1008.0 
person 0.83536273241 771.0 968.0 804.0 1036.0 
person 0.827756047249 461.0 948.0 479.0 996.0 
person 0.787732899189 1343.0 961.0 1365.0 1001.0 
person 0.759375631809 1322.0 961.0 1339.0 998.0 
person 0.748277246952 87.0 948.0 96.0 975.0 
person 0.629703402519 115.0 947.0 124.0 972.0 
person 0.566441118717 1349.0 964.0 1367.0 1003.0 
person 0.37770986557 1333.0 964.0 1348.0 996.0 
