person 0.988948345184 1047.0 961.0 1083.0 1048.0 
person 0.979640066624 2577.0 951.0 2612.0 1018.0 
person 0.978130340576 3548.0 954.0 3586.0 1062.0 
person 0.974384427071 825.0 952.0 851.0 1032.0 
person 0.964985013008 1674.0 960.0 1696.0 1005.0 
person 0.957021355629 1926.0 952.0 1947.0 1008.0 
person 0.917334020138 1402.0 972.0 1439.0 1016.0 
person 0.91500043869 772.0 953.0 806.0 1036.0 
person 0.830496191978 461.0 948.0 479.0 996.0 
person 0.822612166405 1343.0 960.0 1365.0 1002.0 
person 0.781989514828 1322.0 959.0 1339.0 998.0 
person 0.747646868229 87.0 947.0 96.0 976.0 
person 0.595492362976 114.0 947.0 124.0 973.0 
person 0.369584143162 91.0 949.0 99.0 977.0 
person 0.356588661671 99.0 947.0 105.0 975.0 
person 0.32612863183 116.0 947.0 130.0 976.0 
