person 0.991857051849 1047.0 962.0 1084.0 1049.0 
person 0.977807998657 3548.0 954.0 3585.0 1062.0 
person 0.975237846375 824.0 952.0 849.0 1032.0 
person 0.96924507618 2577.0 951.0 2612.0 1020.0 
person 0.944846510887 1675.0 961.0 1697.0 1006.0 
person 0.942982256413 1927.0 954.0 1947.0 1008.0 
person 0.934455633163 774.0 950.0 808.0 1036.0 
person 0.897653102875 1404.0 971.0 1443.0 1015.0 
person 0.825716793537 461.0 948.0 479.0 997.0 
person 0.803820371628 1343.0 960.0 1365.0 1001.0 
person 0.722379028797 87.0 948.0 96.0 976.0 
person 0.582610607147 114.0 947.0 125.0 974.0 
person 0.569736540318 1325.0 961.0 1342.0 997.0 
person 0.4400780797 116.0 947.0 130.0 976.0 
person 0.372260242701 91.0 949.0 99.0 977.0 
person 0.320957690477 1332.0 963.0 1352.0 999.0 
person 0.317276895046 99.0 947.0 105.0 974.0 
