person 0.993423342705 1047.0 964.0 1085.0 1050.0 
person 0.984511733055 3544.0 956.0 3583.0 1062.0 
person 0.962762475014 2577.0 954.0 2610.0 1021.0 
person 0.951978087425 1406.0 973.0 1447.0 1015.0 
person 0.951895534992 822.0 954.0 847.0 1031.0 
person 0.93713003397 1676.0 961.0 1697.0 1007.0 
person 0.937108278275 775.0 959.0 807.0 1037.0 
person 0.935566782951 1928.0 955.0 1948.0 1008.0 
person 0.864191174507 1342.0 957.0 1364.0 999.0 
person 0.804307281971 461.0 948.0 479.0 997.0 
person 0.705596804619 116.0 947.0 125.0 972.0 
person 0.537954449654 1334.0 959.0 1355.0 999.0 
person 0.495757728815 91.0 947.0 100.0 977.0 
person 0.488402962685 1328.0 960.0 1345.0 997.0 
person 0.481348723173 119.0 947.0 132.0 975.0 
person 0.440932244062 99.0 946.0 106.0 975.0 
person 0.438544392586 785.0 952.0 811.0 1037.0 
