person 0.986240327358 3541.0 956.0 3579.0 1065.0 
person 0.98602616787 1048.0 961.0 1084.0 1049.0 
person 0.977239727974 2576.0 953.0 2606.0 1019.0 
person 0.974448382854 819.0 955.0 844.0 1031.0 
person 0.94941419363 1929.0 955.0 1950.0 1008.0 
person 0.944316804409 1677.0 962.0 1698.0 1007.0 
person 0.933420419693 776.0 961.0 809.0 1035.0 
person 0.911419630051 460.0 947.0 476.0 998.0 
person 0.803356468678 1347.0 957.0 1365.0 998.0 
person 0.750165045261 1412.0 974.0 1447.0 1014.0 
person 0.671110987663 1341.0 957.0 1361.0 998.0 
person 0.661476433277 116.0 947.0 125.0 972.0 
person 0.606222212315 1330.0 959.0 1344.0 997.0 
person 0.573950052261 1334.0 958.0 1355.0 1000.0 
person 0.554255843163 91.0 947.0 100.0 977.0 
person 0.542552649975 120.0 948.0 133.0 975.0 
person 0.49505636096 99.0 947.0 107.0 975.0 
person 0.494113057852 787.0 953.0 812.0 1037.0 
person 0.371309876442 1428.0 974.0 1449.0 1013.0 
person 0.349335849285 96.0 947.0 105.0 977.0 
