person 0.984187602997 3586.0 952.0 3640.0 1079.0 
person 0.972833693027 1494.0 957.0 1522.0 1048.0 
person 0.955486416817 2582.0 950.0 2607.0 1015.0 
person 0.946652650833 1939.0 953.0 1962.0 1008.0 
person 0.916807115078 1113.0 953.0 1131.0 1001.0 
person 0.91661387682 741.0 957.0 766.0 1037.0 
person 0.915273785591 1760.0 956.0 1782.0 1003.0 
person 0.90692615509 905.0 1005.0 931.0 1098.0 
person 0.872350037098 908.0 960.0 941.0 1078.0 
person 0.864777684212 718.0 952.0 745.0 1038.0 
person 0.848827242851 1254.0 950.0 1270.0 993.0 
person 0.845561623573 462.0 947.0 477.0 997.0 
person 0.637392938137 29.0 946.0 39.0 976.0 
person 0.593828320503 67.0 947.0 75.0 975.0 
person 0.547446608543 36.0 947.0 42.0 976.0 
person 0.499829351902 41.0 947.0 45.0 976.0 
person 0.328007638454 33.0 950.0 41.0 978.0 
