person 0.984804153442 1048.0 957.0 1083.0 1049.0 
person 0.984758138657 3540.0 959.0 3577.0 1068.0 
person 0.977531015873 817.0 957.0 843.0 1031.0 
person 0.977092981339 2577.0 951.0 2600.0 1016.0 
person 0.971761524677 1680.0 960.0 1700.0 1007.0 
person 0.945646941662 1931.0 953.0 1952.0 1007.0 
person 0.923668324947 781.0 955.0 811.0 1035.0 
person 0.912441134453 460.0 947.0 476.0 998.0 
person 0.804001331329 1340.0 954.0 1363.0 1000.0 
person 0.708921194077 1426.0 975.0 1448.0 1012.0 
person 0.692584037781 1332.0 956.0 1355.0 1000.0 
person 0.613725781441 91.0 947.0 100.0 978.0 
person 0.59881234169 122.0 949.0 134.0 975.0 
person 0.59655725956 1329.0 958.0 1345.0 997.0 
person 0.530612051487 116.0 947.0 126.0 972.0 
person 0.5059466362 99.0 947.0 107.0 975.0 
person 0.330386251211 1337.0 957.0 1352.0 996.0 
