person 0.984570086002 3537.0 960.0 3576.0 1070.0 
person 0.980853438377 2576.0 950.0 2599.0 1015.0 
person 0.967636168003 816.0 960.0 840.0 1032.0 
person 0.962965250015 1681.0 961.0 1701.0 1007.0 
person 0.949184834957 1046.0 955.0 1076.0 1048.0 
person 0.913287043571 1931.0 954.0 1952.0 1008.0 
person 0.898232698441 784.0 957.0 810.0 1034.0 
person 0.859802782536 1335.0 954.0 1358.0 998.0 
person 0.781571447849 1433.0 973.0 1451.0 1012.0 
person 0.774019122124 460.0 948.0 478.0 997.0 
person 0.587601482868 91.0 947.0 100.0 977.0 
person 0.564091324806 116.0 950.0 126.0 975.0 
person 0.559367120266 1348.0 956.0 1365.0 999.0 
person 0.526643395424 123.0 948.0 134.0 975.0 
person 0.516675531864 1331.0 957.0 1350.0 996.0 
person 0.438589274883 99.0 948.0 108.0 976.0 
