person 0.983024477959 3537.0 961.0 3575.0 1069.0 
person 0.982965409756 2576.0 950.0 2598.0 1014.0 
person 0.965727210045 815.0 959.0 840.0 1032.0 
person 0.947697401047 1046.0 955.0 1076.0 1048.0 
person 0.9376475811 1682.0 962.0 1701.0 1007.0 
person 0.923232197762 1932.0 954.0 1952.0 1008.0 
person 0.859797179699 1335.0 954.0 1358.0 998.0 
person 0.85727930069 785.0 958.0 809.0 1034.0 
person 0.765576004982 460.0 948.0 478.0 997.0 
person 0.729125440121 1434.0 973.0 1452.0 1014.0 
person 0.599288284779 117.0 946.0 127.0 973.0 
person 0.560422480106 123.0 946.0 135.0 973.0 
person 0.537601351738 1349.0 957.0 1365.0 999.0 
person 0.534612596035 92.0 949.0 100.0 977.0 
person 0.526754081249 1332.0 957.0 1350.0 996.0 
person 0.433213442564 100.0 949.0 108.0 977.0 
