person 0.986654222012 3535.0 964.0 3574.0 1069.0 
person 0.983979940414 2575.0 949.0 2598.0 1014.0 
person 0.9663002491 1045.0 952.0 1075.0 1048.0 
person 0.941922485828 813.0 959.0 839.0 1034.0 
person 0.925392210484 1934.0 953.0 1955.0 1008.0 
person 0.921601772308 1682.0 962.0 1702.0 1006.0 
person 0.895197808743 785.0 956.0 810.0 1034.0 
person 0.815988063812 1335.0 956.0 1360.0 1000.0 
person 0.815845370293 1436.0 973.0 1455.0 1016.0 
person 0.776295900345 459.0 948.0 478.0 997.0 
person 0.642415761948 124.0 945.0 136.0 973.0 
person 0.618481040001 119.0 947.0 130.0 974.0 
person 0.600989103317 1442.0 973.0 1460.0 1012.0 
person 0.560678124428 117.0 947.0 126.0 973.0 
person 0.551247119904 103.0 947.0 112.0 975.0 
person 0.513008773327 1349.0 958.0 1365.0 999.0 
person 0.422915756702 102.0 950.0 110.0 976.0 
person 0.300371915102 1331.0 957.0 1350.0 997.0 
