person 0.986700952053 3526.0 967.0 3567.0 1070.0 
person 0.980432748795 2574.0 950.0 2596.0 1011.0 
person 0.977507770061 808.0 959.0 838.0 1036.0 
person 0.966492652893 1439.0 964.0 1473.0 1013.0 
person 0.962488412857 1684.0 960.0 1704.0 1008.0 
person 0.951221048832 1037.0 957.0 1065.0 1051.0 
person 0.940037071705 1936.0 951.0 1957.0 1008.0 
person 0.9124558568 784.0 955.0 809.0 1035.0 
person 0.817502140999 459.0 947.0 478.0 997.0 
person 0.778005421162 124.0 946.0 136.0 974.0 
person 0.540131211281 102.0 948.0 111.0 976.0 
person 0.507399559021 1335.0 962.0 1358.0 998.0 
person 0.48232665658 118.0 947.0 127.0 974.0 
person 0.367305994034 116.0 949.0 125.0 976.0 
