person 0.985986113548 3527.0 967.0 3567.0 1070.0 
person 0.9812759161 2573.0 950.0 2596.0 1011.0 
person 0.977601885796 808.0 959.0 838.0 1036.0 
person 0.967777132988 1438.0 963.0 1473.0 1014.0 
person 0.964050710201 1684.0 960.0 1704.0 1008.0 
person 0.948484778404 1037.0 958.0 1064.0 1051.0 
person 0.93790191412 1937.0 952.0 1957.0 1008.0 
person 0.914352953434 783.0 955.0 809.0 1034.0 
person 0.784753739834 124.0 946.0 136.0 973.0 
person 0.760837674141 459.0 947.0 478.0 996.0 
person 0.63050788641 119.0 947.0 130.0 974.0 
person 0.547993779182 102.0 948.0 111.0 976.0 
person 0.547518312931 1334.0 963.0 1359.0 998.0 
person 0.354210078716 116.0 949.0 125.0 976.0 
