person 0.978085756302 2573.0 950.0 2595.0 1011.0 
person 0.977826237679 808.0 960.0 837.0 1037.0 
person 0.969413220882 1439.0 965.0 1476.0 1015.0 
person 0.968480825424 3526.0 968.0 3565.0 1070.0 
person 0.96484130621 1685.0 960.0 1704.0 1008.0 
person 0.964767038822 1036.0 959.0 1065.0 1049.0 
person 0.943891048431 1936.0 951.0 1957.0 1008.0 
person 0.905626296997 783.0 956.0 810.0 1034.0 
person 0.77441483736 459.0 947.0 478.0 997.0 
person 0.766695380211 124.0 946.0 136.0 973.0 
person 0.708298623562 1333.0 960.0 1359.0 1000.0 
person 0.621278047562 119.0 947.0 130.0 974.0 
person 0.559887349606 102.0 948.0 111.0 976.0 
person 0.380941569805 104.0 953.0 111.0 976.0 
person 0.337972968817 115.0 950.0 125.0 976.0 
