person 0.977752864361 807.0 960.0 837.0 1037.0 
person 0.976169228554 1036.0 960.0 1064.0 1050.0 
person 0.974421441555 2572.0 953.0 2594.0 1013.0 
person 0.967019498348 3525.0 970.0 3564.0 1069.0 
person 0.966447532177 1684.0 960.0 1704.0 1008.0 
person 0.959937751293 1439.0 964.0 1478.0 1015.0 
person 0.921376645565 1937.0 950.0 1957.0 1009.0 
person 0.883746623993 782.0 956.0 810.0 1034.0 
person 0.782168984413 459.0 947.0 477.0 997.0 
person 0.772887408733 124.0 946.0 137.0 973.0 
person 0.688714087009 1331.0 960.0 1357.0 999.0 
person 0.574352920055 119.0 947.0 130.0 974.0 
person 0.517444849014 102.0 948.0 111.0 976.0 
person 0.357883661985 101.0 953.0 109.0 977.0 
person 0.340114891529 115.0 950.0 124.0 976.0 
