person 0.993611752987 3509.0 963.0 3561.0 1074.0 
person 0.97805505991 1029.0 959.0 1060.0 1052.0 
person 0.962995529175 1687.0 961.0 1712.0 1010.0 
person 0.961106836796 2568.0 953.0 2591.0 1012.0 
person 0.941530764103 798.0 959.0 827.0 1037.0 
person 0.939065158367 1938.0 952.0 1963.0 1009.0 
person 0.902316570282 777.0 955.0 803.0 1037.0 
person 0.877880573273 1325.0 957.0 1352.0 1002.0 
person 0.834206163883 459.0 947.0 477.0 997.0 
person 0.744587242603 783.0 956.0 816.0 1035.0 
person 0.722799122334 1471.0 961.0 1496.0 1010.0 
person 0.662799358368 128.0 947.0 138.0 972.0 
person 0.648293316364 103.0 947.0 112.0 975.0 
person 0.545440614223 122.0 946.0 132.0 973.0 
person 0.459625035524 106.0 952.0 114.0 977.0 
person 0.417470157146 118.0 949.0 126.0 974.0 
person 0.403766572475 115.0 950.0 124.0 975.0 
