person 0.994821071625 3510.0 964.0 3560.0 1074.0 
person 0.975850820541 1028.0 959.0 1060.0 1052.0 
person 0.969504654408 1685.0 960.0 1713.0 1012.0 
person 0.960000813007 2568.0 953.0 2591.0 1012.0 
person 0.957203149796 1940.0 952.0 1964.0 1008.0 
person 0.94680339098 798.0 959.0 826.0 1036.0 
person 0.903440415859 776.0 954.0 802.0 1037.0 
person 0.888994276524 1323.0 957.0 1352.0 1002.0 
person 0.804475724697 459.0 947.0 477.0 997.0 
person 0.782211780548 1470.0 965.0 1495.0 1014.0 
person 0.723899126053 787.0 956.0 820.0 1035.0 
person 0.648039102554 129.0 947.0 138.0 972.0 
person 0.641630411148 103.0 947.0 113.0 975.0 
person 0.578475892544 122.0 946.0 133.0 974.0 
person 0.451425522566 106.0 953.0 114.0 977.0 
person 0.429821401834 115.0 950.0 124.0 976.0 
person 0.364221870899 118.0 949.0 126.0 974.0 
