person 0.996669232845 3505.0 962.0 3562.0 1075.0 
person 0.976749181747 1686.0 959.0 1714.0 1013.0 
person 0.963481426239 796.0 961.0 825.0 1037.0 
person 0.963326752186 1028.0 959.0 1060.0 1052.0 
person 0.961197257042 2567.0 952.0 2591.0 1012.0 
person 0.935637116432 1938.0 953.0 1964.0 1009.0 
person 0.911720991135 1320.0 956.0 1349.0 1002.0 
person 0.892915129662 776.0 955.0 800.0 1036.0 
person 0.884794294834 1471.0 967.0 1496.0 1014.0 
person 0.812316894531 459.0 947.0 477.0 997.0 
person 0.672507226467 103.0 946.0 113.0 976.0 
person 0.556438088417 128.0 948.0 138.0 972.0 
person 0.550934791565 121.0 947.0 133.0 973.0 
person 0.441429197788 114.0 950.0 124.0 976.0 
person 0.432188302279 106.0 952.0 114.0 978.0 
person 0.363758265972 118.0 951.0 126.0 974.0 
