person 0.98423832655 3584.0 951.0 3638.0 1079.0 
person 0.977403640747 1493.0 958.0 1521.0 1046.0 
person 0.957477092743 2582.0 950.0 2607.0 1015.0 
person 0.937533378601 1939.0 953.0 1963.0 1008.0 
person 0.936074256897 906.0 966.0 938.0 1098.0 
person 0.933866798878 1114.0 954.0 1131.0 1001.0 
person 0.929664254189 742.0 957.0 766.0 1038.0 
person 0.908932089806 1756.0 956.0 1780.0 1002.0 
person 0.890877068043 718.0 952.0 743.0 1038.0 
person 0.853120684624 1254.0 950.0 1270.0 993.0 
person 0.832854449749 462.0 947.0 477.0 998.0 
person 0.632667779922 66.0 947.0 76.0 973.0 
person 0.594744920731 30.0 946.0 40.0 976.0 
person 0.570936024189 68.0 946.0 79.0 973.0 
person 0.55821198225 906.0 1001.0 932.0 1099.0 
person 0.522740602493 36.0 947.0 43.0 976.0 
person 0.501439630985 42.0 947.0 46.0 976.0 
person 0.398633241653 726.0 952.0 748.0 1038.0 
person 0.37801644206 34.0 950.0 42.0 978.0 
person 0.307471781969 51.0 949.0 57.0 975.0 
