person 0.996172606945 3504.0 966.0 3562.0 1075.0 
person 0.981637775898 1687.0 958.0 1716.0 1013.0 
person 0.97515976429 1027.0 959.0 1060.0 1051.0 
person 0.967665374279 796.0 961.0 825.0 1039.0 
person 0.964487075806 1939.0 953.0 1965.0 1008.0 
person 0.962940812111 2567.0 952.0 2591.0 1012.0 
person 0.939227938652 1470.0 967.0 1497.0 1015.0 
person 0.920276343822 775.0 954.0 801.0 1037.0 
person 0.826408743858 1319.0 956.0 1350.0 1001.0 
person 0.814344882965 459.0 947.0 477.0 997.0 
person 0.659299015999 103.0 947.0 112.0 976.0 
person 0.583565592766 128.0 948.0 138.0 972.0 
person 0.526693165302 122.0 947.0 133.0 973.0 
person 0.42833968997 114.0 950.0 124.0 976.0 
person 0.411207765341 105.0 953.0 113.0 978.0 
person 0.352927744389 118.0 950.0 126.0 974.0 
person 0.312164902687 107.0 955.0 114.0 975.0 
