person 0.996847093105 3504.0 963.0 3562.0 1076.0 
person 0.983267009258 1026.0 959.0 1060.0 1052.0 
person 0.977682650089 1689.0 958.0 1717.0 1013.0 
person 0.962448298931 1940.0 953.0 1965.0 1008.0 
person 0.962284684181 2568.0 952.0 2590.0 1012.0 
person 0.961577653885 796.0 961.0 825.0 1040.0 
person 0.944061100483 1471.0 966.0 1498.0 1016.0 
person 0.940408051014 774.0 954.0 802.0 1037.0 
person 0.862850546837 1317.0 956.0 1348.0 1001.0 
person 0.793594360352 459.0 947.0 477.0 997.0 
person 0.678502619267 103.0 947.0 113.0 976.0 
person 0.677709937096 784.0 956.0 814.0 1037.0 
person 0.61079198122 128.0 947.0 138.0 972.0 
person 0.523897886276 121.0 947.0 133.0 973.0 
person 0.462143659592 106.0 952.0 114.0 977.0 
person 0.439632475376 114.0 950.0 123.0 976.0 
person 0.371207296848 118.0 950.0 126.0 974.0 
person 0.340309917927 108.0 953.0 114.0 975.0 
