person 0.992654442787 3501.0 959.0 3561.0 1077.0 
person 0.976920366287 1024.0 959.0 1058.0 1053.0 
person 0.970242977142 1690.0 957.0 1719.0 1011.0 
person 0.967151761055 2567.0 951.0 2591.0 1012.0 
person 0.961683452129 795.0 964.0 824.0 1041.0 
person 0.959221184254 1940.0 952.0 1966.0 1008.0 
person 0.933929264545 772.0 954.0 801.0 1038.0 
person 0.91785877943 1473.0 968.0 1505.0 1015.0 
person 0.912862539291 1313.0 958.0 1345.0 1002.0 
person 0.795293152332 459.0 947.0 476.0 997.0 
person 0.629355013371 128.0 948.0 139.0 972.0 
person 0.598851680756 102.0 948.0 113.0 976.0 
person 0.413409203291 120.0 947.0 132.0 973.0 
person 0.368190228939 106.0 952.0 114.0 977.0 
person 0.337108105421 113.0 950.0 123.0 976.0 
person 0.308972209692 118.0 950.0 126.0 974.0 
