person 0.988247454166 3495.0 972.0 3560.0 1077.0 
person 0.981484055519 1023.0 958.0 1057.0 1053.0 
person 0.975991487503 1694.0 956.0 1725.0 1013.0 
person 0.967226445675 2567.0 951.0 2590.0 1011.0 
person 0.950606584549 1308.0 956.0 1345.0 1004.0 
person 0.950049161911 791.0 967.0 822.0 1039.0 
person 0.950014054775 1941.0 952.0 1967.0 1008.0 
person 0.918502688408 767.0 954.0 799.0 1037.0 
person 0.807641804218 459.0 948.0 476.0 996.0 
person 0.613984525204 124.0 947.0 138.0 973.0 
person 0.607322096825 131.0 947.0 140.0 973.0 
person 0.484120339155 1483.0 969.0 1508.0 1013.0 
person 0.458564817905 107.0 951.0 116.0 977.0 
person 0.4006960392 118.0 947.0 131.0 974.0 
person 0.394863933325 116.0 949.0 125.0 974.0 
person 0.330196946859 113.0 951.0 123.0 976.0 
person 0.311959981918 780.0 966.0 814.0 1038.0 
