person 0.995362639427 3486.0 965.0 3556.0 1076.0 
person 0.984915852547 1022.0 957.0 1054.0 1051.0 
person 0.978345930576 1702.0 957.0 1727.0 1014.0 
person 0.973011434078 784.0 964.0 819.0 1043.0 
person 0.967240512371 2567.0 951.0 2590.0 1010.0 
person 0.942651629448 1941.0 952.0 1968.0 1009.0 
person 0.897003471851 1489.0 958.0 1516.0 1016.0 
person 0.889644086361 764.0 950.0 795.0 1035.0 
person 0.793946325779 1308.0 957.0 1336.0 1000.0 
person 0.68282777071 459.0 947.0 474.0 994.0 
person 0.614175677299 1307.0 956.0 1325.0 997.0 
person 0.590675055981 104.0 948.0 114.0 976.0 
person 0.487526893616 1306.0 958.0 1317.0 993.0 
person 0.478508621454 108.0 953.0 116.0 977.0 
person 0.425538748503 120.0 948.0 131.0 974.0 
person 0.402606666088 113.0 953.0 123.0 977.0 
person 0.383817881346 133.0 948.0 141.0 972.0 
person 0.381427615881 130.0 948.0 139.0 974.0 
person 0.369941115379 117.0 950.0 125.0 974.0 
