person 0.995810627937 3481.0 969.0 3549.0 1078.0 
person 0.985818326473 1021.0 958.0 1053.0 1052.0 
person 0.982286274433 1698.0 958.0 1729.0 1016.0 
person 0.965373337269 2566.0 951.0 2591.0 1010.0 
person 0.962466537952 785.0 964.0 817.0 1043.0 
person 0.939715266228 1942.0 954.0 1969.0 1009.0 
person 0.914066851139 764.0 951.0 792.0 1036.0 
person 0.861936807632 1496.0 963.0 1518.0 1017.0 
person 0.783573567867 1305.0 958.0 1338.0 1002.0 
person 0.712251842022 458.0 947.0 474.0 994.0 
person 0.560480833054 104.0 950.0 114.0 976.0 
person 0.457447826862 133.0 949.0 141.0 972.0 
person 0.436207145452 108.0 954.0 117.0 977.0 
person 0.359392166138 113.0 954.0 123.0 976.0 
person 0.353960871696 118.0 952.0 125.0 974.0 
person 0.347120553255 120.0 949.0 130.0 975.0 
