person 0.992782354355 3474.0 966.0 3537.0 1080.0 
person 0.981966495514 1019.0 958.0 1049.0 1053.0 
person 0.972992122173 1705.0 957.0 1732.0 1014.0 
person 0.963915109634 2566.0 952.0 2591.0 1010.0 
person 0.948567450047 1941.0 951.0 1970.0 1008.0 
person 0.930971980095 786.0 964.0 816.0 1041.0 
person 0.894899427891 763.0 952.0 787.0 1033.0 
person 0.860818386078 1499.0 967.0 1520.0 1018.0 
person 0.784180104733 773.0 955.0 794.0 1035.0 
person 0.713818907738 458.0 947.0 474.0 993.0 
person 0.698617398739 1304.0 957.0 1330.0 1001.0 
person 0.569136977196 133.0 948.0 140.0 971.0 
person 0.439870715141 108.0 953.0 117.0 977.0 
person 0.407646209002 117.0 950.0 125.0 974.0 
person 0.369655191898 113.0 953.0 123.0 977.0 
person 0.359687179327 120.0 948.0 130.0 975.0 
