person 0.991324901581 3471.0 964.0 3535.0 1078.0 
person 0.986948370934 1018.0 958.0 1047.0 1054.0 
person 0.972186207771 1705.0 957.0 1731.0 1015.0 
person 0.964851737022 2567.0 952.0 2590.0 1010.0 
person 0.948962688446 1943.0 951.0 1970.0 1008.0 
person 0.934208333492 785.0 964.0 816.0 1040.0 
person 0.872243285179 1500.0 965.0 1522.0 1016.0 
person 0.863871097565 764.0 953.0 784.0 1031.0 
person 0.702384114265 458.0 947.0 474.0 993.0 
person 0.670016229153 774.0 957.0 795.0 1034.0 
person 0.631184697151 132.0 948.0 141.0 972.0 
person 0.478789001703 107.0 952.0 117.0 977.0 
person 0.46775072813 1303.0 957.0 1333.0 1001.0 
person 0.419528841972 119.0 948.0 129.0 976.0 
person 0.375360012054 117.0 951.0 125.0 974.0 
person 0.337853312492 113.0 953.0 123.0 977.0 
