person 0.98858076334 1017.0 957.0 1045.0 1053.0 
person 0.97127443552 3465.0 963.0 3527.0 1079.0 
person 0.970903038979 1712.0 958.0 1736.0 1015.0 
person 0.967232227325 2567.0 952.0 2591.0 1010.0 
person 0.940494716167 778.0 960.0 816.0 1041.0 
person 0.913781285286 1945.0 952.0 1970.0 1009.0 
person 0.889969706535 1504.0 963.0 1528.0 1014.0 
person 0.85175126791 1300.0 958.0 1329.0 1001.0 
person 0.744031310081 762.0 955.0 785.0 1033.0 
person 0.692212998867 458.0 947.0 474.0 993.0 
person 0.657589614391 132.0 947.0 141.0 972.0 
person 0.472070664167 118.0 948.0 128.0 975.0 
person 0.470001399517 107.0 953.0 117.0 976.0 
person 0.403772562742 1295.0 960.0 1313.0 992.0 
person 0.382684767246 117.0 952.0 125.0 973.0 
person 0.329884797335 113.0 954.0 123.0 976.0 
person 0.326899766922 773.0 956.0 799.0 1034.0 
person 0.325618386269 1512.0 970.0 1527.0 1012.0 
person 0.305694311857 769.0 960.0 790.0 1031.0 
