person 0.996084094048 3463.0 961.0 3531.0 1081.0 
person 0.987648248672 1016.0 957.0 1044.0 1055.0 
person 0.970689594746 1713.0 958.0 1738.0 1015.0 
person 0.967604458332 2567.0 952.0 2590.0 1011.0 
person 0.967385053635 773.0 962.0 817.0 1045.0 
person 0.938466131687 1502.0 963.0 1532.0 1015.0 
person 0.92969340086 1946.0 952.0 1971.0 1009.0 
person 0.886301517487 454.0 950.0 469.0 996.0 
person 0.821436882019 1301.0 958.0 1327.0 1002.0 
person 0.779326796532 760.0 952.0 781.0 1032.0 
person 0.721850335598 457.0 947.0 474.0 994.0 
person 0.68543368578 132.0 947.0 141.0 972.0 
person 0.491306304932 1294.0 958.0 1313.0 994.0 
person 0.480335444212 108.0 953.0 117.0 976.0 
person 0.45219835639 118.0 948.0 129.0 975.0 
person 0.444712370634 766.0 958.0 788.0 1030.0 
person 0.434753000736 117.0 951.0 125.0 974.0 
person 0.33750808239 113.0 954.0 123.0 976.0 
