person 0.997540473938 3457.0 961.0 3531.0 1083.0 
person 0.990060448647 1013.0 958.0 1043.0 1056.0 
person 0.979756891727 1501.0 957.0 1537.0 1018.0 
person 0.978740870953 769.0 960.0 815.0 1044.0 
person 0.965588510036 2567.0 952.0 2591.0 1010.0 
person 0.962450265884 1716.0 960.0 1740.0 1015.0 
person 0.953435301781 1948.0 951.0 1972.0 1008.0 
person 0.806862771511 1299.0 959.0 1323.0 1004.0 
person 0.775099933147 1289.0 957.0 1314.0 999.0 
person 0.773206353188 759.0 951.0 781.0 1032.0 
person 0.705564200878 457.0 946.0 474.0 994.0 
person 0.67302107811 132.0 948.0 141.0 972.0 
person 0.591923356056 1288.0 956.0 1302.0 994.0 
person 0.569508373737 118.0 948.0 127.0 975.0 
person 0.538633525372 108.0 953.0 117.0 977.0 
person 0.491441220045 117.0 951.0 125.0 974.0 
person 0.483740061522 103.0 950.0 115.0 976.0 
person 0.37844401598 113.0 954.0 123.0 977.0 
