person 0.997840762138 3445.0 962.0 3527.0 1084.0 
person 0.987825453281 1011.0 958.0 1042.0 1056.0 
person 0.974185585976 767.0 963.0 811.0 1045.0 
person 0.970135092735 1502.0 963.0 1540.0 1018.0 
person 0.969177007675 1717.0 958.0 1744.0 1015.0 
person 0.955266296864 2568.0 952.0 2592.0 1010.0 
person 0.952068388462 1949.0 950.0 1972.0 1007.0 
person 0.862775087357 1287.0 955.0 1320.0 1004.0 
person 0.839596450329 758.0 954.0 778.0 1039.0 
person 0.724315524101 132.0 949.0 141.0 972.0 
person 0.721006989479 457.0 946.0 474.0 994.0 
person 0.585541188717 108.0 953.0 117.0 977.0 
person 0.55760538578 117.0 951.0 125.0 974.0 
person 0.545190155506 119.0 949.0 128.0 975.0 
person 0.509309768677 104.0 950.0 115.0 976.0 
person 0.408945858479 113.0 954.0 123.0 977.0 
