person 0.996540307999 3445.0 962.0 3523.0 1085.0 
person 0.988908588886 1008.0 959.0 1042.0 1055.0 
person 0.981176674366 758.0 957.0 804.0 1045.0 
person 0.980190336704 1718.0 958.0 1747.0 1016.0 
person 0.967730343342 2568.0 951.0 2592.0 1008.0 
person 0.945581376553 1950.0 951.0 1972.0 1007.0 
person 0.932621955872 1508.0 959.0 1544.0 1018.0 
person 0.833253979683 1287.0 956.0 1319.0 1003.0 
person 0.714595377445 457.0 946.0 474.0 994.0 
person 0.662687122822 133.0 949.0 141.0 972.0 
person 0.641725957394 1281.0 954.0 1308.0 1000.0 
person 0.559229016304 106.0 951.0 115.0 976.0 
person 0.505167007446 110.0 954.0 118.0 977.0 
person 0.496876716614 119.0 952.0 126.0 974.0 
person 0.483692198992 120.0 949.0 128.0 975.0 
person 0.371219485998 115.0 954.0 124.0 977.0 
person 0.357894152403 1282.0 955.0 1298.0 996.0 
