person 0.996011614799 3441.0 961.0 3518.0 1087.0 
person 0.989845991135 1005.0 958.0 1042.0 1054.0 
person 0.980190098286 756.0 955.0 800.0 1046.0 
person 0.974547743797 1720.0 960.0 1747.0 1015.0 
person 0.966310799122 2569.0 952.0 2591.0 1008.0 
person 0.947832882404 1950.0 950.0 1973.0 1007.0 
person 0.895038723946 1284.0 957.0 1319.0 1003.0 
person 0.866053044796 1521.0 959.0 1547.0 1019.0 
person 0.768142461777 457.0 946.0 474.0 995.0 
person 0.624694287777 134.0 949.0 142.0 972.0 
person 0.595934808254 1279.0 953.0 1301.0 998.0 
person 0.535952985287 120.0 949.0 129.0 974.0 
person 0.534212648869 106.0 951.0 115.0 976.0 
person 0.487946182489 119.0 952.0 126.0 974.0 
person 0.457964807749 110.0 954.0 118.0 977.0 
person 0.34308642149 132.0 951.0 140.0 975.0 
person 0.316478013992 116.0 955.0 124.0 976.0 
