person 0.995735287666 3439.0 961.0 3515.0 1085.0 
person 0.99290895462 1005.0 959.0 1043.0 1054.0 
person 0.969935536385 755.0 957.0 793.0 1049.0 
person 0.968366920948 1721.0 960.0 1748.0 1016.0 
person 0.966879725456 2569.0 952.0 2591.0 1007.0 
person 0.945997476578 1950.0 951.0 1973.0 1007.0 
person 0.911249876022 1281.0 956.0 1319.0 1005.0 
person 0.898408412933 1522.0 960.0 1548.0 1020.0 
person 0.739463984966 457.0 947.0 473.0 995.0 
person 0.635589897633 106.0 950.0 115.0 976.0 
person 0.584413707256 1279.0 954.0 1299.0 999.0 
person 0.561828672886 120.0 949.0 128.0 975.0 
person 0.551864326 134.0 949.0 142.0 972.0 
person 0.463647782803 110.0 954.0 118.0 977.0 
person 0.364670217037 116.0 954.0 124.0 977.0 
person 0.330626308918 132.0 951.0 140.0 975.0 
