person 0.992927372456 3434.0 965.0 3507.0 1086.0 
person 0.990636527538 1003.0 960.0 1042.0 1056.0 
person 0.983164131641 751.0 958.0 792.0 1049.0 
person 0.973968327045 2570.0 952.0 2592.0 1009.0 
person 0.960460007191 1951.0 951.0 1974.0 1007.0 
person 0.954281330109 1526.0 961.0 1552.0 1022.0 
person 0.936518192291 1723.0 962.0 1749.0 1016.0 
person 0.910697996616 1284.0 958.0 1319.0 1005.0 
person 0.640549898148 457.0 947.0 475.0 996.0 
person 0.640496373177 1277.0 954.0 1294.0 1001.0 
person 0.61056548357 134.0 949.0 141.0 972.0 
person 0.537747681141 121.0 949.0 129.0 975.0 
person 0.509465456009 109.0 954.0 117.0 977.0 
person 0.493305534124 106.0 950.0 115.0 976.0 
person 0.485027432442 119.0 952.0 126.0 974.0 
person 0.474237322807 1280.0 956.0 1302.0 1002.0 
person 0.309246301651 116.0 954.0 124.0 977.0 
