person 0.978821992874 3584.0 953.0 3631.0 1078.0 
person 0.977636814117 1493.0 958.0 1521.0 1046.0 
person 0.964770793915 2581.0 950.0 2607.0 1015.0 
person 0.938474178314 906.0 967.0 940.0 1099.0 
person 0.932787775993 742.0 956.0 766.0 1038.0 
person 0.927060008049 1939.0 954.0 1962.0 1008.0 
person 0.925013124943 1115.0 955.0 1131.0 1001.0 
person 0.869690656662 721.0 953.0 745.0 1037.0 
person 0.856524646282 1250.0 952.0 1268.0 994.0 
person 0.844151616096 1750.0 958.0 1782.0 1002.0 
person 0.815479695797 906.0 1001.0 932.0 1098.0 
person 0.807997941971 461.0 946.0 477.0 998.0 
person 0.757081449032 1255.0 951.0 1272.0 994.0 
person 0.669223606586 67.0 947.0 79.0 973.0 
person 0.517185509205 38.0 947.0 44.0 976.0 
person 0.502137064934 31.0 947.0 40.0 976.0 
person 0.402862876654 36.0 950.0 42.0 977.0 
person 0.365042984486 43.0 948.0 47.0 976.0 
