person 0.993288934231 3430.0 966.0 3499.0 1085.0 
person 0.990350008011 1002.0 961.0 1042.0 1057.0 
person 0.976751089096 753.0 960.0 789.0 1048.0 
person 0.960437357426 1951.0 950.0 1974.0 1007.0 
person 0.957749724388 2570.0 951.0 2592.0 1010.0 
person 0.9482640028 1526.0 961.0 1554.0 1023.0 
person 0.924252390862 1724.0 962.0 1750.0 1018.0 
person 0.917146921158 1287.0 959.0 1319.0 1005.0 
person 0.738983750343 1277.0 955.0 1293.0 1003.0 
person 0.602767050266 133.0 949.0 141.0 972.0 
person 0.59349155426 457.0 947.0 473.0 995.0 
person 0.551984667778 110.0 952.0 118.0 977.0 
person 0.549436092377 121.0 949.0 129.0 975.0 
person 0.542020916939 1281.0 957.0 1305.0 1003.0 
person 0.507209062576 118.0 951.0 126.0 974.0 
person 0.473759025335 106.0 950.0 116.0 976.0 
person 0.389859139919 116.0 953.0 124.0 976.0 
person 0.352683544159 1283.0 958.0 1297.0 999.0 
