person 0.99196845293 3408.0 966.0 3486.0 1084.0 
person 0.991434633732 741.0 962.0 786.0 1048.0 
person 0.991016387939 999.0 957.0 1038.0 1058.0 
person 0.977917671204 2573.0 948.0 2594.0 1008.0 
person 0.956850290298 1952.0 950.0 1976.0 1006.0 
person 0.955396771431 1723.0 957.0 1760.0 1019.0 
person 0.937671065331 1536.0 963.0 1566.0 1020.0 
person 0.916412353516 1276.0 958.0 1316.0 1004.0 
person 0.713144958019 1271.0 957.0 1300.0 1005.0 
person 0.651708602905 456.0 948.0 474.0 996.0 
person 0.600359380245 118.0 948.0 127.0 976.0 
person 0.588527321815 132.0 947.0 142.0 973.0 
person 0.568611741066 107.0 949.0 116.0 977.0 
person 0.503290712833 115.0 950.0 124.0 977.0 
