person 0.996657133102 3395.0 962.0 3485.0 1091.0 
person 0.99308347702 998.0 959.0 1036.0 1057.0 
person 0.987322509289 740.0 959.0 783.0 1049.0 
person 0.978796482086 1720.0 956.0 1764.0 1019.0 
person 0.978351771832 2573.0 948.0 2595.0 1007.0 
person 0.974609375 1953.0 952.0 1977.0 1008.0 
person 0.947006702423 1268.0 954.0 1312.0 1005.0 
person 0.945323944092 1536.0 963.0 1571.0 1022.0 
person 0.922944128513 453.0 950.0 469.0 996.0 
person 0.619981348515 456.0 947.0 474.0 996.0 
person 0.610692679882 119.0 948.0 128.0 976.0 
person 0.523936450481 132.0 947.0 141.0 973.0 
person 0.501139700413 116.0 951.0 125.0 977.0 
person 0.490287333727 1268.0 956.0 1293.0 1001.0 
