person 0.997497022152 3387.0 963.0 3475.0 1088.0 
person 0.994051158428 992.0 964.0 1034.0 1058.0 
person 0.984022736549 733.0 957.0 781.0 1048.0 
person 0.980635464191 2574.0 949.0 2595.0 1005.0 
person 0.976700842381 1729.0 953.0 1768.0 1017.0 
person 0.973897874355 1953.0 951.0 1978.0 1009.0 
person 0.961884617805 1539.0 960.0 1576.0 1023.0 
person 0.96020001173 1264.0 956.0 1300.0 1005.0 
person 0.916450917721 453.0 950.0 468.0 996.0 
person 0.492599368095 132.0 947.0 141.0 974.0 
person 0.49098572135 119.0 949.0 128.0 975.0 
