person 0.980581521988 3583.0 954.0 3630.0 1077.0 
person 0.971497416496 1493.0 958.0 1521.0 1046.0 
person 0.96502584219 2581.0 950.0 2607.0 1015.0 
person 0.934753954411 742.0 956.0 766.0 1038.0 
person 0.929700613022 1939.0 953.0 1962.0 1008.0 
person 0.915935695171 1749.0 957.0 1782.0 1002.0 
person 0.902681767941 1115.0 956.0 1131.0 1001.0 
person 0.897175610065 906.0 977.0 939.0 1098.0 
person 0.877955019474 718.0 952.0 743.0 1037.0 
person 0.860513806343 906.0 1005.0 932.0 1099.0 
person 0.859844863415 1250.0 952.0 1268.0 994.0 
person 0.793286502361 461.0 946.0 477.0 998.0 
person 0.763788998127 1255.0 951.0 1272.0 994.0 
person 0.685261309147 67.0 946.0 79.0 974.0 
person 0.543864965439 39.0 947.0 44.0 976.0 
person 0.485145390034 32.0 947.0 40.0 975.0 
person 0.425146013498 36.0 950.0 43.0 977.0 
person 0.355313509703 44.0 948.0 47.0 975.0 
