person 0.99804186821 3377.0 970.0 3472.0 1089.0 
person 0.995192289352 989.0 964.0 1033.0 1059.0 
person 0.987105607986 729.0 958.0 778.0 1054.0 
person 0.979849934578 1732.0 956.0 1765.0 1019.0 
person 0.975330412388 2575.0 950.0 2596.0 1004.0 
person 0.973323404789 1954.0 953.0 1979.0 1008.0 
person 0.969625234604 1541.0 961.0 1581.0 1025.0 
person 0.949319005013 1261.0 954.0 1297.0 1003.0 
person 0.927196145058 452.0 949.0 467.0 996.0 
person 0.610968649387 120.0 946.0 129.0 976.0 
person 0.510108411312 455.0 946.0 472.0 993.0 
person 0.500410735607 132.0 947.0 140.0 973.0 
person 0.401128143072 1260.0 955.0 1283.0 997.0 
