person 0.996311247349 987.0 964.0 1033.0 1062.0 
person 0.990625023842 726.0 958.0 775.0 1049.0 
person 0.986617982388 3375.0 973.0 3466.0 1085.0 
person 0.983109533787 2574.0 950.0 2596.0 1005.0 
person 0.975194871426 1733.0 954.0 1767.0 1019.0 
person 0.974722862244 1955.0 952.0 1980.0 1009.0 
person 0.968077540398 1553.0 960.0 1586.0 1025.0 
person 0.923626661301 1259.0 953.0 1296.0 1006.0 
person 0.922962844372 452.0 949.0 467.0 997.0 
person 0.480442851782 132.0 947.0 140.0 973.0 
person 0.464994639158 455.0 946.0 472.0 993.0 
person 0.410099416971 120.0 949.0 128.0 977.0 
person 0.383087843657 1259.0 952.0 1283.0 998.0 
