person 0.996943175793 983.0 961.0 1033.0 1063.0 
person 0.989330470562 722.0 956.0 769.0 1048.0 
person 0.988242447376 3372.0 969.0 3465.0 1085.0 
person 0.980107784271 2575.0 950.0 2596.0 1005.0 
person 0.977839231491 1955.0 952.0 1981.0 1009.0 
person 0.948813676834 1734.0 955.0 1771.0 1018.0 
person 0.939942836761 451.0 949.0 466.0 997.0 
person 0.894685506821 1561.0 959.0 1590.0 1020.0 
person 0.886280357838 1265.0 956.0 1293.0 1007.0 
person 0.825088441372 1255.0 952.0 1288.0 1003.0 
person 0.733343601227 453.0 947.0 472.0 996.0 
person 0.519346058369 120.0 948.0 129.0 977.0 
person 0.501958966255 1255.0 952.0 1273.0 995.0 
person 0.422817379236 132.0 948.0 140.0 973.0 
