person 0.996843338013 982.0 959.0 1032.0 1063.0 
person 0.993661761284 718.0 955.0 768.0 1048.0 
person 0.97952157259 1956.0 951.0 1982.0 1009.0 
person 0.97946447134 3361.0 968.0 3450.0 1084.0 
person 0.97739648819 2575.0 950.0 2596.0 1005.0 
person 0.942769110203 1252.0 954.0 1287.0 1004.0 
person 0.941846847534 450.0 948.0 466.0 997.0 
person 0.931511640549 1567.0 960.0 1593.0 1025.0 
person 0.795567691326 1732.0 955.0 1774.0 1019.0 
person 0.69596362114 453.0 947.0 471.0 996.0 
person 0.578076839447 120.0 947.0 129.0 977.0 
person 0.386072158813 132.0 947.0 140.0 973.0 
