person 0.996686279774 982.0 959.0 1032.0 1063.0 
person 0.99419772625 718.0 955.0 768.0 1048.0 
person 0.979842364788 1956.0 951.0 1982.0 1009.0 
person 0.977824389935 2575.0 950.0 2596.0 1006.0 
person 0.941245853901 451.0 948.0 466.0 997.0 
person 0.934160709381 1567.0 959.0 1593.0 1024.0 
person 0.93387824297 1252.0 954.0 1287.0 1004.0 
person 0.906397104263 3360.0 966.0 3437.0 1083.0 
person 0.745326519012 1731.0 955.0 1775.0 1019.0 
person 0.699119746685 453.0 947.0 471.0 996.0 
person 0.613634109497 120.0 947.0 129.0 977.0 
person 0.393241524696 132.0 947.0 140.0 973.0 
