person 0.980408549309 3582.0 954.0 3628.0 1076.0 
person 0.971539497375 1493.0 957.0 1521.0 1046.0 
person 0.966964423656 2581.0 950.0 2607.0 1015.0 
person 0.934141874313 1939.0 953.0 1962.0 1008.0 
person 0.931006908417 741.0 956.0 766.0 1038.0 
person 0.892883658409 907.0 982.0 938.0 1098.0 
person 0.888942301273 1115.0 956.0 1131.0 1001.0 
person 0.882684707642 721.0 953.0 745.0 1037.0 
person 0.877860426903 1250.0 952.0 1268.0 994.0 
person 0.865386247635 1736.0 955.0 1782.0 1002.0 
person 0.842177987099 910.0 959.0 944.0 1083.0 
person 0.80553650856 461.0 946.0 477.0 997.0 
person 0.763614594936 1255.0 951.0 1272.0 994.0 
person 0.759484291077 1749.0 958.0 1780.0 999.0 
person 0.746861636639 66.0 947.0 80.0 974.0 
person 0.572955965996 38.0 947.0 43.0 975.0 
person 0.512247860432 31.0 947.0 39.0 975.0 
person 0.430200695992 59.0 946.0 76.0 973.0 
person 0.399326324463 43.0 947.0 47.0 975.0 
