person 0.996078670025 3312.0 966.0 3397.0 1084.0 
person 0.992609322071 965.0 961.0 1014.0 1062.0 
person 0.974198520184 1581.0 962.0 1618.0 1025.0 
person 0.970241963863 2576.0 950.0 2597.0 1005.0 
person 0.965832293034 1960.0 952.0 1985.0 1010.0 
person 0.952072203159 1760.0 959.0 1789.0 1019.0 
person 0.94267231226 448.0 949.0 466.0 997.0 
person 0.925914525986 700.0 963.0 734.0 1054.0 
person 0.886288702488 1248.0 955.0 1276.0 1008.0 
person 0.860443472862 1245.0 954.0 1264.0 1008.0 
person 0.844595015049 718.0 953.0 750.0 1047.0 
person 0.609430968761 120.0 947.0 129.0 976.0 
person 0.555328249931 144.0 948.0 154.0 973.0 
person 0.368691563606 453.0 947.0 471.0 996.0 
person 0.332235723734 134.0 948.0 141.0 972.0 
person 0.321728467941 149.0 951.0 157.0 975.0 
person 0.313591063023 148.0 948.0 156.0 972.0 
