person 0.999100089073 3302.0 963.0 3399.0 1087.0 
person 0.994559586048 961.0 959.0 1008.0 1061.0 
person 0.992851018906 1580.0 958.0 1629.0 1028.0 
person 0.970412433147 2577.0 949.0 2599.0 1005.0 
person 0.96299213171 1961.0 952.0 1987.0 1009.0 
person 0.960247814655 1763.0 958.0 1793.0 1020.0 
person 0.927348792553 690.0 962.0 729.0 1051.0 
person 0.924731552601 448.0 948.0 466.0 997.0 
person 0.920094251633 1242.0 952.0 1265.0 1008.0 
person 0.88053804636 711.0 953.0 745.0 1036.0 
person 0.593134403229 121.0 947.0 129.0 976.0 
person 0.381597429514 148.0 950.0 157.0 976.0 
person 0.353105157614 454.0 946.0 468.0 995.0 
