person 0.998840272427 3299.0 960.0 3395.0 1088.0 
person 0.992644667625 960.0 958.0 1006.0 1061.0 
person 0.992591261864 1581.0 958.0 1629.0 1028.0 
person 0.970640480518 2577.0 949.0 2599.0 1005.0 
person 0.968814492226 1764.0 958.0 1795.0 1021.0 
person 0.955959439278 1962.0 953.0 1987.0 1010.0 
person 0.94859546423 710.0 950.0 745.0 1040.0 
person 0.945203602314 688.0 961.0 728.0 1051.0 
person 0.921073913574 449.0 949.0 466.0 997.0 
person 0.901540577412 1241.0 953.0 1267.0 1008.0 
person 0.742369532585 141.0 948.0 153.0 974.0 
person 0.466302633286 121.0 948.0 130.0 977.0 
person 0.422695100307 147.0 950.0 157.0 976.0 
person 0.393747597933 454.0 947.0 468.0 996.0 
person 0.304590195417 1246.0 955.0 1276.0 1006.0 
