person 0.998703241348 3290.0 963.0 3390.0 1089.0 
person 0.992456793785 960.0 957.0 1006.0 1062.0 
person 0.983231902122 682.0 957.0 731.0 1056.0 
person 0.979813754559 1583.0 951.0 1636.0 1028.0 
person 0.965172111988 2578.0 948.0 2599.0 1005.0 
person 0.950664877892 1963.0 951.0 1988.0 1008.0 
person 0.943332314491 710.0 951.0 747.0 1043.0 
person 0.941751480103 1770.0 959.0 1797.0 1020.0 
person 0.907686412334 449.0 949.0 465.0 997.0 
person 0.895429372787 1236.0 953.0 1265.0 1008.0 
person 0.746612429619 142.0 948.0 154.0 974.0 
person 0.517910599709 454.0 947.0 468.0 996.0 
person 0.456402808428 148.0 950.0 157.0 976.0 
person 0.420218676329 121.0 949.0 131.0 977.0 
person 0.332414031029 132.0 947.0 141.0 974.0 
