person 0.999005377293 3284.0 960.0 3385.0 1086.0 
person 0.991707861423 961.0 957.0 1007.0 1063.0 
person 0.970786511898 679.0 957.0 737.0 1058.0 
person 0.960927724838 2578.0 948.0 2599.0 1005.0 
person 0.960424542427 1964.0 951.0 1989.0 1007.0 
person 0.94896119833 1771.0 959.0 1797.0 1021.0 
person 0.917658686638 448.0 949.0 465.0 997.0 
person 0.915072619915 1591.0 953.0 1637.0 1028.0 
person 0.912582218647 707.0 951.0 746.0 1040.0 
person 0.897932052612 1236.0 953.0 1262.0 1007.0 
person 0.732005178928 143.0 948.0 154.0 975.0 
person 0.443895787001 148.0 950.0 157.0 976.0 
person 0.419849306345 121.0 950.0 131.0 977.0 
person 0.362743586302 133.0 948.0 143.0 975.0 
