person 0.991007506847 955.0 958.0 1003.0 1067.0 
person 0.97693002224 3273.0 962.0 3364.0 1085.0 
person 0.963637292385 1967.0 951.0 1992.0 1007.0 
person 0.962956190109 1617.0 957.0 1647.0 1028.0 
person 0.957776486874 663.0 956.0 724.0 1059.0 
person 0.951692938805 2578.0 949.0 2600.0 1005.0 
person 0.933191120625 1230.0 950.0 1253.0 1005.0 
person 0.931984305382 1776.0 960.0 1821.0 1022.0 
person 0.927229046822 446.0 947.0 464.0 997.0 
person 0.899720132351 704.0 952.0 734.0 1028.0 
person 0.779483258724 3271.0 968.0 3330.0 1084.0 
person 0.726713240147 144.0 947.0 155.0 975.0 
person 0.536606192589 148.0 947.0 157.0 973.0 
person 0.48999029398 133.0 948.0 141.0 974.0 
person 0.43002936244 122.0 950.0 132.0 977.0 
