person 0.994615972042 950.0 957.0 1002.0 1066.0 
person 0.98531961441 658.0 958.0 719.0 1059.0 
person 0.967136144638 1777.0 959.0 1816.0 1024.0 
person 0.966205179691 1967.0 951.0 1992.0 1007.0 
person 0.960207700729 2578.0 949.0 2600.0 1006.0 
person 0.95024651289 1619.0 962.0 1650.0 1027.0 
person 0.932069003582 1228.0 951.0 1252.0 1006.0 
person 0.909215450287 448.0 948.0 465.0 997.0 
person 0.897770345211 698.0 953.0 732.0 1029.0 
person 0.672470986843 146.0 948.0 157.0 975.0 
person 0.475410431623 133.0 948.0 141.0 974.0 
person 0.459189653397 149.0 951.0 157.0 976.0 
person 0.40119355917 122.0 949.0 131.0 977.0 
