person 0.993908286095 949.0 958.0 1002.0 1067.0 
person 0.989391684532 658.0 956.0 717.0 1057.0 
person 0.96784132719 1968.0 952.0 1993.0 1007.0 
person 0.961385071278 1778.0 960.0 1816.0 1023.0 
person 0.958189070225 2579.0 950.0 2601.0 1005.0 
person 0.953319072723 1228.0 952.0 1254.0 1008.0 
person 0.94932705164 1624.0 961.0 1654.0 1029.0 
person 0.939612030983 698.0 954.0 732.0 1035.0 
person 0.908835887909 447.0 948.0 465.0 997.0 
person 0.667144477367 147.0 947.0 157.0 975.0 
person 0.468989789486 133.0 948.0 141.0 974.0 
person 0.334943473339 122.0 950.0 132.0 977.0 
person 0.315015673637 3276.0 987.0 3324.0 1085.0 
