person 0.994641542435 944.0 959.0 990.0 1067.0 
person 0.982276856899 1787.0 961.0 1818.0 1024.0 
person 0.9735648036 1218.0 952.0 1252.0 1009.0 
person 0.970243632793 1632.0 966.0 1665.0 1028.0 
person 0.961343646049 1970.0 953.0 1996.0 1008.0 
person 0.959947764874 646.0 963.0 684.0 1064.0 
person 0.958129763603 693.0 955.0 723.0 1045.0 
person 0.951266407967 2580.0 955.0 2604.0 1006.0 
person 0.914897143841 446.0 949.0 464.0 999.0 
person 0.881518721581 3232.0 962.0 3304.0 1083.0 
person 0.664862513542 148.0 948.0 158.0 974.0 
person 0.396076887846 134.0 952.0 142.0 974.0 
