person 0.988621413708 636.0 961.0 681.0 1063.0 
person 0.988449454308 942.0 964.0 982.0 1066.0 
person 0.981068313122 1636.0 963.0 1679.0 1029.0 
person 0.976028203964 1215.0 956.0 1247.0 1006.0 
person 0.967487037182 3223.0 959.0 3303.0 1087.0 
person 0.954405426979 694.0 954.0 720.0 1049.0 
person 0.953694581985 2581.0 957.0 2610.0 1007.0 
person 0.95205026865 1970.0 956.0 1998.0 1007.0 
person 0.946806371212 1788.0 964.0 1813.0 1023.0 
person 0.91612046957 446.0 949.0 462.0 999.0 
person 0.673690438271 149.0 948.0 159.0 974.0 
person 0.531596362591 132.0 948.0 142.0 975.0 
person 0.369078099728 135.0 953.0 143.0 976.0 
person 0.335660129786 451.0 950.0 464.0 996.0 
person 0.307579278946 3221.0 962.0 3279.0 1063.0 
