person 0.995279073715 3223.0 964.0 3304.0 1086.0 
person 0.989303708076 634.0 962.0 674.0 1063.0 
person 0.987458944321 940.0 963.0 978.0 1065.0 
person 0.985668540001 1636.0 962.0 1683.0 1031.0 
person 0.982447326183 1214.0 956.0 1247.0 1006.0 
person 0.961312830448 692.0 954.0 719.0 1044.0 
person 0.959190905094 1970.0 956.0 1999.0 1008.0 
person 0.95167773962 2580.0 957.0 2609.0 1007.0 
person 0.93081253767 445.0 950.0 462.0 999.0 
person 0.913649201393 1789.0 964.0 1814.0 1026.0 
person 0.57274222374 150.0 949.0 157.0 974.0 
person 0.531898677349 133.0 948.0 142.0 975.0 
person 0.325646162033 135.0 953.0 143.0 977.0 
person 0.311950922012 451.0 950.0 464.0 997.0 
