person 0.996031701565 3213.0 961.0 3296.0 1085.0 
person 0.992283880711 937.0 964.0 973.0 1069.0 
person 0.985702931881 625.0 959.0 674.0 1063.0 
person 0.980232715607 1642.0 961.0 1689.0 1029.0 
person 0.96302574873 1971.0 956.0 2001.0 1010.0 
person 0.946025848389 1211.0 956.0 1238.0 1004.0 
person 0.945802927017 2580.0 957.0 2610.0 1007.0 
person 0.939258337021 1792.0 964.0 1821.0 1024.0 
person 0.926806390285 445.0 949.0 461.0 999.0 
person 0.911525905132 688.0 953.0 715.0 1043.0 
person 0.528093755245 150.0 949.0 158.0 977.0 
person 0.508667588234 132.0 948.0 141.0 975.0 
person 0.369276255369 136.0 952.0 143.0 975.0 
person 0.323844641447 449.0 950.0 464.0 996.0 
