person 0.978403866291 1492.0 957.0 1522.0 1047.0 
person 0.970292985439 3578.0 951.0 3617.0 1077.0 
person 0.968086838722 2581.0 950.0 2607.0 1016.0 
person 0.93387556076 1939.0 953.0 1963.0 1008.0 
person 0.926141798496 741.0 956.0 766.0 1038.0 
person 0.894809007645 907.0 980.0 939.0 1098.0 
person 0.879496991634 1115.0 957.0 1131.0 1001.0 
person 0.867215454578 722.0 953.0 745.0 1037.0 
person 0.8539737463 1250.0 953.0 1269.0 994.0 
person 0.838539540768 1739.0 956.0 1781.0 1002.0 
person 0.818192362785 461.0 946.0 477.0 997.0 
person 0.810743093491 66.0 946.0 80.0 974.0 
person 0.800481498241 907.0 1007.0 931.0 1099.0 
person 0.753178775311 1255.0 952.0 1273.0 993.0 
person 0.544595479965 37.0 949.0 44.0 976.0 
person 0.533017396927 910.0 956.0 944.0 1069.0 
person 0.370305478573 44.0 947.0 47.0 975.0 
person 0.354358077049 30.0 947.0 40.0 975.0 
person 0.343966513872 59.0 946.0 77.0 974.0 
person 0.312915533781 39.0 950.0 43.0 974.0 
