person 0.988666415215 922.0 958.0 965.0 1070.0 
person 0.9830301404 3187.0 959.0 3274.0 1078.0 
person 0.97522687912 1201.0 954.0 1227.0 1010.0 
person 0.973049581051 1971.0 955.0 2005.0 1010.0 
person 0.972217440605 613.0 959.0 661.0 1065.0 
person 0.968089282513 1797.0 966.0 1826.0 1023.0 
person 0.967512369156 675.0 953.0 715.0 1051.0 
person 0.959007024765 2581.0 957.0 2609.0 1007.0 
person 0.878289759159 1680.0 965.0 1701.0 1017.0 
person 0.761950850487 447.0 949.0 462.0 997.0 
person 0.680471658707 148.0 949.0 157.0 976.0 
person 0.460377693176 133.0 951.0 142.0 974.0 
person 0.450675696135 129.0 949.0 140.0 975.0 
