person 0.996576249599 903.0 957.0 962.0 1072.0 
person 0.991952121258 584.0 956.0 649.0 1067.0 
person 0.975665509701 666.0 958.0 708.0 1048.0 
person 0.975651562214 1977.0 956.0 2008.0 1009.0 
person 0.975107491016 1698.0 963.0 1728.0 1028.0 
person 0.957021355629 2582.0 958.0 2610.0 1007.0 
person 0.929231762886 1803.0 970.0 1827.0 1025.0 
person 0.927382528782 1188.0 955.0 1215.0 1006.0 
person 0.824999511242 3157.0 963.0 3203.0 1078.0 
person 0.673688292503 151.0 947.0 163.0 976.0 
person 0.67128020525 149.0 948.0 158.0 975.0 
person 0.642129302025 446.0 950.0 461.0 996.0 
person 0.616820037365 129.0 949.0 141.0 976.0 
person 0.589429199696 135.0 951.0 144.0 975.0 
