person 0.995818793774 899.0 957.0 961.0 1073.0 
person 0.994609832764 579.0 955.0 643.0 1069.0 
person 0.983743369579 1699.0 963.0 1731.0 1028.0 
person 0.972824454308 1979.0 956.0 2009.0 1010.0 
person 0.967486262321 663.0 955.0 704.0 1049.0 
person 0.966395676136 2582.0 957.0 2611.0 1007.0 
person 0.940072178841 1804.0 969.0 1828.0 1026.0 
person 0.939026772976 1186.0 954.0 1213.0 1004.0 
person 0.880293130875 3164.0 976.0 3204.0 1077.0 
person 0.697062253952 445.0 950.0 461.0 996.0 
person 0.664258241653 150.0 948.0 158.0 975.0 
person 0.6358730793 152.0 947.0 163.0 976.0 
person 0.50056219101 136.0 952.0 145.0 975.0 
person 0.443011581898 3154.0 967.0 3194.0 1074.0 
person 0.330540299416 1184.0 959.0 1201.0 999.0 
