person 0.993688821793 897.0 958.0 957.0 1069.0 
person 0.993677675724 568.0 958.0 631.0 1068.0 
person 0.978346705437 1702.0 961.0 1742.0 1027.0 
person 0.974977076054 1981.0 956.0 2009.0 1010.0 
person 0.962690412998 2582.0 957.0 2613.0 1008.0 
person 0.954349040985 3147.0 970.0 3194.0 1078.0 
person 0.945591747761 1805.0 968.0 1830.0 1026.0 
person 0.940562486649 661.0 954.0 692.0 1052.0 
person 0.875285565853 1180.0 958.0 1205.0 1011.0 
person 0.730388402939 444.0 951.0 461.0 996.0 
person 0.661754071712 149.0 949.0 157.0 976.0 
person 0.618523299694 152.0 946.0 163.0 976.0 
person 0.510867595673 1182.0 960.0 1199.0 1006.0 
person 0.484181374311 1194.0 958.0 1211.0 1002.0 
person 0.431855708361 135.0 952.0 145.0 977.0 
person 0.423507064581 3141.0 962.0 3186.0 1061.0 
