person 0.995066404343 565.0 958.0 627.0 1069.0 
person 0.991313397884 896.0 959.0 956.0 1067.0 
person 0.974740982056 1698.0 958.0 1751.0 1031.0 
person 0.972667217255 1982.0 957.0 2010.0 1010.0 
person 0.968264639378 659.0 950.0 691.0 1048.0 
person 0.948042154312 1805.0 967.0 1829.0 1026.0 
person 0.935942471027 2581.0 956.0 2614.0 1008.0 
person 0.919460237026 1178.0 958.0 1205.0 1013.0 
person 0.892790734768 3145.0 973.0 3193.0 1078.0 
person 0.70298832655 444.0 950.0 461.0 996.0 
person 0.638417482376 149.0 949.0 157.0 976.0 
person 0.5934664011 153.0 947.0 163.0 976.0 
person 0.494248598814 1176.0 959.0 1194.0 1009.0 
person 0.464338779449 3135.0 958.0 3176.0 1037.0 
person 0.413784176111 136.0 952.0 146.0 978.0 
person 0.402147084475 1194.0 959.0 1212.0 1008.0 
