person 0.99258184433 562.0 961.0 625.0 1071.0 
person 0.985247135162 894.0 960.0 954.0 1068.0 
person 0.985162198544 1700.0 954.0 1760.0 1033.0 
person 0.97848546505 1983.0 957.0 2010.0 1011.0 
person 0.960276424885 660.0 954.0 689.0 1048.0 
person 0.949850857258 1804.0 967.0 1830.0 1027.0 
person 0.948065340519 1174.0 956.0 1205.0 1013.0 
person 0.933010220528 2581.0 956.0 2614.0 1008.0 
person 0.893781840801 3145.0 990.0 3191.0 1075.0 
person 0.723285615444 443.0 950.0 460.0 996.0 
person 0.715484321117 3135.0 957.0 3167.0 1028.0 
person 0.601011812687 149.0 949.0 157.0 977.0 
person 0.474642187357 3136.0 965.0 3184.0 1072.0 
person 0.345950067043 137.0 952.0 146.0 978.0 
