person 0.992022156715 877.0 962.0 926.0 1071.0 
person 0.991589009762 3102.0 952.0 3178.0 1074.0 
person 0.983899116516 648.0 953.0 683.0 1055.0 
person 0.983544170856 1988.0 954.0 2013.0 1012.0 
person 0.973960042 554.0 964.0 588.0 1073.0 
person 0.953765928745 1808.0 962.0 1832.0 1027.0 
person 0.945159077644 2579.0 953.0 2608.0 1009.0 
person 0.870559811592 1728.0 957.0 1775.0 1036.0 
person 0.848834276199 1159.0 956.0 1178.0 1006.0 
person 0.837020933628 1183.0 954.0 1199.0 1000.0 
person 0.774335026741 443.0 950.0 460.0 997.0 
person 0.617248296738 154.0 947.0 163.0 975.0 
person 0.612486720085 150.0 950.0 158.0 977.0 
person 0.554761886597 1176.0 956.0 1197.0 1002.0 
person 0.524557173252 1167.0 956.0 1183.0 1002.0 
person 0.458482116461 1188.0 955.0 1203.0 999.0 
person 0.378697127104 140.0 951.0 148.0 978.0 
