person 0.995976746082 867.0 962.0 920.0 1074.0 
person 0.990410804749 3091.0 954.0 3169.0 1069.0 
person 0.987014651299 645.0 951.0 680.0 1053.0 
person 0.984933078289 542.0 959.0 580.0 1073.0 
person 0.98182195425 1991.0 952.0 2015.0 1013.0 
person 0.966541945934 2578.0 952.0 2603.0 1009.0 
person 0.951697468758 1808.0 960.0 1833.0 1026.0 
person 0.894077479839 1744.0 966.0 1780.0 1038.0 
person 0.795967459679 442.0 952.0 457.0 999.0 
person 0.778131723404 1155.0 958.0 1176.0 1008.0 
person 0.757715404034 1177.0 958.0 1196.0 1000.0 
person 0.612964391708 149.0 951.0 158.0 976.0 
person 0.3986518085 140.0 952.0 148.0 978.0 
