person 0.994533419609 862.0 959.0 911.0 1076.0 
person 0.988546967506 518.0 960.0 573.0 1071.0 
person 0.988191008568 631.0 949.0 675.0 1057.0 
person 0.972774267197 2575.0 954.0 2599.0 1007.0 
person 0.971224606037 1995.0 951.0 2018.0 1011.0 
person 0.940986514091 1805.0 958.0 1833.0 1025.0 
person 0.921298086643 1171.0 953.0 1194.0 998.0 
person 0.902817070484 1766.0 962.0 1801.0 1038.0 
person 0.897387981415 3069.0 954.0 3109.0 1040.0 
person 0.872053861618 1145.0 962.0 1163.0 1011.0 
person 0.832782268524 440.0 952.0 457.0 1000.0 
person 0.629215419292 150.0 948.0 158.0 974.0 
person 0.463018894196 1169.0 955.0 1187.0 999.0 
person 0.420824706554 141.0 949.0 148.0 978.0 
person 0.308061808348 1780.0 964.0 1803.0 1016.0 
person 0.303723990917 158.0 948.0 170.0 977.0 
