person 0.991377353668 510.0 961.0 572.0 1072.0 
person 0.990143299103 863.0 959.0 911.0 1075.0 
person 0.983591794968 629.0 949.0 674.0 1058.0 
person 0.978388130665 2575.0 952.0 2599.0 1006.0 
person 0.969513952732 1995.0 952.0 2019.0 1011.0 
person 0.946565270424 1806.0 958.0 1832.0 1025.0 
person 0.928228497505 1169.0 952.0 1194.0 998.0 
person 0.903105378151 1142.0 962.0 1161.0 1011.0 
person 0.851324558258 1773.0 966.0 1807.0 1031.0 
person 0.82011038065 440.0 952.0 457.0 999.0 
person 0.818801343441 3061.0 959.0 3109.0 1045.0 
person 0.569723010063 151.0 949.0 158.0 975.0 
person 0.448720216751 141.0 949.0 149.0 978.0 
person 0.445670157671 1786.0 966.0 1808.0 1022.0 
person 0.309678912163 159.0 948.0 170.0 977.0 
