person 0.994928359985 859.0 959.0 910.0 1078.0 
person 0.994734048843 499.0 959.0 569.0 1074.0 
person 0.990000605583 627.0 950.0 673.0 1057.0 
person 0.983112514019 2574.0 952.0 2599.0 1008.0 
person 0.982001781464 1996.0 951.0 2021.0 1011.0 
person 0.977889835835 3056.0 952.0 3117.0 1074.0 
person 0.95876377821 1164.0 952.0 1192.0 997.0 
person 0.878752589226 1767.0 965.0 1814.0 1035.0 
person 0.874481976032 1804.0 958.0 1834.0 1026.0 
person 0.868950843811 1138.0 960.0 1159.0 1008.0 
person 0.784062147141 441.0 952.0 458.0 999.0 
person 0.584011912346 151.0 949.0 158.0 974.0 
person 0.420755624771 141.0 948.0 149.0 978.0 
person 0.408593356609 159.0 948.0 169.0 976.0 
