person 0.99763405323 477.0 965.0 561.0 1079.0 
person 0.996898174286 848.0 957.0 897.0 1074.0 
person 0.982640326023 1997.0 952.0 2024.0 1011.0 
person 0.97609937191 625.0 954.0 661.0 1053.0 
person 0.973636448383 2570.0 953.0 2593.0 1011.0 
person 0.9540361166 1126.0 958.0 1154.0 1012.0 
person 0.915708601475 1779.0 956.0 1841.0 1034.0 
person 0.896617889404 3041.0 956.0 3086.0 1072.0 
person 0.882331967354 439.0 953.0 456.0 1000.0 
person 0.867673039436 1161.0 955.0 1183.0 997.0 
person 0.458966195583 150.0 950.0 158.0 977.0 
person 0.402704179287 3036.0 952.0 3074.0 1047.0 
person 0.383657425642 141.0 947.0 149.0 978.0 
person 0.371989578009 1805.0 958.0 1840.0 1026.0 
person 0.340043604374 161.0 948.0 170.0 977.0 
