person 0.999134719372 479.0 968.0 557.0 1075.0 
person 0.994560062885 846.0 957.0 897.0 1074.0 
person 0.981417834759 1997.0 953.0 2024.0 1011.0 
person 0.977163672447 2570.0 953.0 2591.0 1011.0 
person 0.97104871273 625.0 953.0 657.0 1046.0 
person 0.968837082386 3034.0 954.0 3074.0 1041.0 
person 0.958570182323 1122.0 956.0 1153.0 1012.0 
person 0.893665373325 1809.0 959.0 1843.0 1029.0 
person 0.869676828384 439.0 953.0 456.0 1001.0 
person 0.824748039246 1159.0 955.0 1178.0 998.0 
person 0.499016731977 151.0 948.0 158.0 974.0 
person 0.435095250607 161.0 948.0 170.0 976.0 
person 0.427740186453 1790.0 959.0 1837.0 1030.0 
person 0.318372130394 1809.0 959.0 1833.0 1014.0 
