person 0.994603931904 481.0 966.0 545.0 1074.0 
person 0.992139995098 839.0 963.0 884.0 1076.0 
person 0.981502711773 3018.0 952.0 3080.0 1069.0 
person 0.980666875839 1998.0 953.0 2025.0 1010.0 
person 0.971746683121 617.0 951.0 648.0 1059.0 
person 0.969193279743 2566.0 952.0 2589.0 1013.0 
person 0.923974871635 1808.0 961.0 1833.0 1019.0 
person 0.910018324852 1154.0 956.0 1172.0 1000.0 
person 0.909543097019 1116.0 959.0 1149.0 1008.0 
person 0.826692938805 1833.0 958.0 1857.0 1028.0 
person 0.617543578148 439.0 952.0 456.0 999.0 
person 0.558979570866 160.0 948.0 170.0 977.0 
person 0.439700037241 151.0 949.0 158.0 974.0 
