person 0.994887053967 3010.0 952.0 3075.0 1065.0 
person 0.993826210499 479.0 965.0 540.0 1074.0 
person 0.988501906395 839.0 965.0 879.0 1079.0 
person 0.978213906288 1999.0 954.0 2026.0 1011.0 
person 0.973745703697 613.0 951.0 645.0 1059.0 
person 0.963678240776 2564.0 953.0 2588.0 1012.0 
person 0.962621033192 1810.0 962.0 1837.0 1022.0 
person 0.921958208084 1153.0 955.0 1171.0 1000.0 
person 0.916369318962 1110.0 960.0 1146.0 1009.0 
person 0.75986456871 1835.0 964.0 1857.0 1023.0 
person 0.748796999454 438.0 953.0 454.0 1001.0 
person 0.584217011929 162.0 947.0 171.0 977.0 
person 0.514634609222 155.0 948.0 164.0 976.0 
person 0.396899014711 150.0 949.0 158.0 978.0 
person 0.340090036392 1842.0 963.0 1860.0 1016.0 
person 0.335560560226 152.0 948.0 159.0 975.0 
