person 0.994522571564 2998.0 950.0 3069.0 1063.0 
person 0.991997778416 477.0 962.0 533.0 1074.0 
person 0.990554749966 610.0 952.0 642.0 1060.0 
person 0.989668130875 832.0 963.0 869.0 1074.0 
person 0.978037953377 2000.0 956.0 2027.0 1011.0 
person 0.970477998257 2562.0 952.0 2587.0 1013.0 
person 0.956180274487 1810.0 962.0 1836.0 1023.0 
person 0.934160172939 1845.0 966.0 1869.0 1037.0 
person 0.922591805458 1105.0 957.0 1139.0 1010.0 
person 0.903414368629 1149.0 954.0 1166.0 996.0 
person 0.792803764343 437.0 953.0 451.0 999.0 
person 0.561712801456 162.0 948.0 171.0 977.0 
person 0.479196101427 155.0 948.0 164.0 976.0 
person 0.47546043992 440.0 952.0 455.0 999.0 
person 0.33473098278 152.0 948.0 160.0 975.0 
