person 0.992800593376 474.0 957.0 530.0 1074.0 
person 0.980228483677 2005.0 956.0 2028.0 1010.0 
person 0.977815628052 2558.0 952.0 2585.0 1014.0 
person 0.977505624294 817.0 962.0 860.0 1081.0 
person 0.972081422806 1852.0 963.0 1892.0 1040.0 
person 0.971920371056 600.0 948.0 639.0 1059.0 
person 0.966451108456 1808.0 959.0 1833.0 1023.0 
person 0.936869442463 2987.0 954.0 3034.0 1060.0 
person 0.928292274475 1141.0 952.0 1165.0 998.0 
person 0.907440125942 1097.0 959.0 1118.0 1016.0 
person 0.763068258762 438.0 953.0 450.0 999.0 
person 0.618416130543 163.0 948.0 172.0 976.0 
person 0.407841593027 441.0 952.0 454.0 998.0 
person 0.382226914167 152.0 948.0 159.0 975.0 
