person 0.997797727585 801.0 959.0 854.0 1084.0 
person 0.995633780956 465.0 959.0 524.0 1078.0 
person 0.994924783707 581.0 947.0 637.0 1061.0 
person 0.97635692358 2009.0 953.0 2030.0 1011.0 
person 0.972096562386 1804.0 956.0 1829.0 1021.0 
person 0.972045719624 2558.0 952.0 2584.0 1014.0 
person 0.966107189655 2969.0 970.0 3004.0 1061.0 
person 0.952241659164 1866.0 961.0 1926.0 1039.0 
person 0.939212977886 1085.0 957.0 1108.0 1018.0 
person 0.933181166649 1133.0 952.0 1158.0 1000.0 
person 0.754416882992 437.0 951.0 449.0 998.0 
person 0.641248464584 163.0 948.0 172.0 977.0 
person 0.481890887022 1955.0 894.0 1981.0 970.0 
person 0.43142297864 152.0 948.0 160.0 978.0 
person 0.345439821482 168.0 948.0 179.0 977.0 
