person 0.980377614498 1490.0 959.0 1521.0 1045.0 
person 0.971957921982 2581.0 949.0 2606.0 1016.0 
person 0.954167425632 3575.0 947.0 3611.0 1078.0 
person 0.944082021713 740.0 955.0 767.0 1039.0 
person 0.937236011028 1939.0 953.0 1963.0 1008.0 
person 0.917332649231 721.0 951.0 747.0 1039.0 
person 0.901379883289 1254.0 951.0 1271.0 991.0 
person 0.847119390965 1116.0 956.0 1132.0 1001.0 
person 0.845445275307 907.0 1009.0 932.0 1098.0 
person 0.840195715427 907.0 982.0 939.0 1097.0 
person 0.835396409035 911.0 958.0 944.0 1076.0 
person 0.759466767311 69.0 946.0 82.0 974.0 
person 0.737559616566 461.0 947.0 477.0 998.0 
person 0.632695436478 67.0 947.0 78.0 974.0 
person 0.539470732212 1743.0 959.0 1777.0 1002.0 
person 0.494742751122 38.0 949.0 46.0 977.0 
person 0.434292405844 43.0 947.0 47.0 976.0 
