person 0.997437119484 795.0 960.0 854.0 1082.0 
person 0.996587395668 459.0 959.0 523.0 1078.0 
person 0.994843840599 580.0 950.0 635.0 1063.0 
person 0.977238118649 2556.0 951.0 2583.0 1012.0 
person 0.972119390965 1804.0 956.0 1830.0 1019.0 
person 0.958260297775 2011.0 950.0 2031.0 1010.0 
person 0.94244235754 1083.0 954.0 1104.0 1013.0 
person 0.937799990177 1873.0 960.0 1934.0 1034.0 
person 0.900452971458 1133.0 954.0 1154.0 999.0 
person 0.883015990257 2960.0 966.0 3003.0 1059.0 
person 0.866330385208 432.0 951.0 448.0 999.0 
person 0.665140390396 164.0 949.0 172.0 976.0 
person 0.502770960331 151.0 948.0 160.0 975.0 
person 0.364629209042 169.0 947.0 179.0 976.0 
