person 0.997808635235 455.0 962.0 523.0 1079.0 
person 0.996500849724 786.0 959.0 850.0 1082.0 
person 0.994360029697 573.0 952.0 632.0 1063.0 
person 0.989836871624 2951.0 977.0 3004.0 1060.0 
person 0.980112433434 2556.0 952.0 2583.0 1013.0 
person 0.966473579407 1804.0 954.0 1828.0 1020.0 
person 0.954122006893 2011.0 950.0 2031.0 1010.0 
person 0.932984888554 1075.0 955.0 1103.0 1017.0 
person 0.909878671169 1129.0 953.0 1148.0 1001.0 
person 0.888813912868 432.0 951.0 448.0 998.0 
person 0.826852440834 1904.0 963.0 1941.0 1035.0 
person 0.632027983665 163.0 949.0 172.0 977.0 
person 0.542903602123 151.0 949.0 160.0 976.0 
person 0.327624499798 169.0 948.0 179.0 976.0 
