person 0.997404158115 453.0 966.0 522.0 1080.0 
person 0.995329022408 782.0 959.0 849.0 1082.0 
person 0.995297253132 570.0 952.0 631.0 1064.0 
person 0.988985061646 2945.0 973.0 3001.0 1059.0 
person 0.98030257225 2556.0 951.0 2583.0 1014.0 
person 0.963192820549 1070.0 955.0 1102.0 1016.0 
person 0.962738573551 1803.0 953.0 1827.0 1018.0 
person 0.951705276966 2012.0 950.0 2032.0 1011.0 
person 0.865053296089 1128.0 955.0 1146.0 1001.0 
person 0.860519647598 432.0 951.0 448.0 998.0 
person 0.821813166142 1917.0 962.0 1941.0 1034.0 
person 0.776827812195 1914.0 962.0 1935.0 1026.0 
person 0.670016586781 165.0 948.0 173.0 974.0 
person 0.539759576321 150.0 949.0 160.0 976.0 
person 0.348746597767 170.0 948.0 180.0 977.0 
