person 0.998556911945 455.0 967.0 520.0 1080.0 
person 0.99659049511 569.0 954.0 629.0 1064.0 
person 0.992820441723 780.0 962.0 842.0 1081.0 
person 0.98445546627 2937.0 969.0 2993.0 1056.0 
person 0.979570508003 1065.0 955.0 1099.0 1016.0 
person 0.973091363907 2556.0 952.0 2583.0 1014.0 
person 0.968983113766 1803.0 954.0 1826.0 1018.0 
person 0.953753888607 2013.0 951.0 2037.0 1009.0 
person 0.825075030327 1127.0 957.0 1143.0 1001.0 
person 0.817259728909 1923.0 963.0 1947.0 1036.0 
person 0.692748785019 165.0 948.0 173.0 974.0 
person 0.677080333233 435.0 952.0 451.0 996.0 
person 0.640579402447 163.0 950.0 172.0 976.0 
person 0.560942232609 150.0 949.0 160.0 976.0 
person 0.42625194788 170.0 948.0 180.0 976.0 
