person 0.998330771923 454.0 968.0 517.0 1081.0 
person 0.994586110115 567.0 955.0 627.0 1065.0 
person 0.982735514641 774.0 962.0 827.0 1081.0 
person 0.978175401688 1802.0 955.0 1825.0 1020.0 
person 0.97567820549 2554.0 952.0 2583.0 1016.0 
person 0.970080912113 2014.0 952.0 2038.0 1008.0 
person 0.932906627655 1928.0 970.0 1953.0 1042.0 
person 0.92503464222 2926.0 977.0 2989.0 1054.0 
person 0.900129079819 1066.0 959.0 1085.0 1005.0 
person 0.874169766903 1122.0 955.0 1138.0 1001.0 
person 0.818458974361 431.0 951.0 448.0 997.0 
person 0.714920222759 166.0 947.0 174.0 974.0 
person 0.603321552277 164.0 949.0 172.0 977.0 
person 0.575331509113 436.0 952.0 451.0 996.0 
person 0.535963594913 150.0 949.0 160.0 976.0 
person 0.531646430492 170.0 947.0 180.0 976.0 
person 0.313818395138 172.0 947.0 183.0 976.0 
