person 0.978991508484 1490.0 959.0 1521.0 1045.0 
person 0.972038984299 2581.0 949.0 2606.0 1015.0 
person 0.950346529484 742.0 955.0 767.0 1039.0 
person 0.935633122921 1939.0 953.0 1963.0 1008.0 
person 0.926319360733 720.0 950.0 748.0 1039.0 
person 0.916543126106 3572.0 948.0 3612.0 1074.0 
person 0.882283449173 1255.0 951.0 1272.0 991.0 
person 0.84928971529 1116.0 956.0 1132.0 1001.0 
person 0.803444206715 908.0 1007.0 932.0 1098.0 
person 0.802359461784 909.0 957.0 942.0 1096.0 
person 0.785539329052 69.0 946.0 82.0 973.0 
person 0.770824015141 461.0 947.0 477.0 998.0 
person 0.735279679298 1251.0 955.0 1269.0 994.0 
person 0.619228839874 1724.0 956.0 1775.0 1003.0 
person 0.455061256886 39.0 949.0 46.0 976.0 
person 0.436159968376 64.0 946.0 78.0 973.0 
person 0.385053098202 43.0 947.0 47.0 976.0 
