person 0.998513042927 455.0 968.0 516.0 1083.0 
person 0.995035052299 567.0 955.0 625.0 1065.0 
person 0.987034618855 760.0 961.0 819.0 1084.0 
person 0.984271466732 2553.0 953.0 2586.0 1017.0 
person 0.983429670334 2920.0 976.0 2976.0 1050.0 
person 0.972134053707 2015.0 952.0 2040.0 1009.0 
person 0.969029486179 1801.0 956.0 1825.0 1021.0 
person 0.958485543728 1934.0 963.0 1967.0 1040.0 
person 0.887169480324 1059.0 960.0 1082.0 1006.0 
person 0.856514334679 431.0 952.0 447.0 998.0 
person 0.837028443813 1118.0 957.0 1135.0 999.0 
person 0.629305541515 1057.0 960.0 1076.0 1009.0 
person 0.576161384583 166.0 947.0 174.0 974.0 
person 0.558868348598 435.0 952.0 451.0 996.0 
person 0.535000085831 150.0 949.0 160.0 976.0 
person 0.473794549704 164.0 948.0 173.0 976.0 
person 0.403403759003 172.0 948.0 181.0 975.0 
person 0.36212053895 153.0 949.0 162.0 977.0 
