person 0.998292505741 454.0 969.0 516.0 1084.0 
person 0.995258867741 760.0 964.0 821.0 1081.0 
person 0.994509160519 568.0 955.0 624.0 1066.0 
person 0.98819899559 2554.0 952.0 2587.0 1017.0 
person 0.972991466522 2919.0 975.0 2975.0 1052.0 
person 0.970223069191 2016.0 950.0 2041.0 1008.0 
person 0.967047691345 1800.0 957.0 1824.0 1020.0 
person 0.953584253788 1937.0 961.0 1971.0 1039.0 
person 0.883987545967 1117.0 955.0 1135.0 996.0 
person 0.87948012352 1057.0 958.0 1080.0 1006.0 
person 0.85942697525 431.0 952.0 447.0 998.0 
person 0.57495123148 435.0 951.0 451.0 996.0 
person 0.535473287106 165.0 947.0 174.0 974.0 
person 0.533353924751 148.0 949.0 160.0 976.0 
person 0.492379367352 170.0 947.0 181.0 975.0 
person 0.369092643261 152.0 950.0 162.0 977.0 
