person 0.997841715813 452.0 970.0 527.0 1084.0 
person 0.995970785618 747.0 959.0 802.0 1086.0 
person 0.977895438671 2546.0 957.0 2584.0 1017.0 
person 0.975192725658 566.0 950.0 612.0 1066.0 
person 0.974407732487 1949.0 964.0 2020.0 1041.0 
person 0.963458538055 1101.0 954.0 1130.0 1001.0 
person 0.949304938316 1040.0 960.0 1065.0 1020.0 
person 0.947844207287 1795.0 959.0 1825.0 1015.0 
person 0.945104837418 2017.0 951.0 2041.0 1010.0 
person 0.90837430954 2897.0 959.0 2935.0 1049.0 
person 0.876878142357 429.0 953.0 447.0 999.0 
person 0.653240263462 169.0 947.0 181.0 975.0 
person 0.511471748352 161.0 948.0 172.0 977.0 
person 0.490857064724 152.0 949.0 162.0 978.0 
