person 0.997013688087 452.0 971.0 528.0 1084.0 
person 0.994807064533 746.0 959.0 800.0 1087.0 
person 0.977984249592 566.0 949.0 610.0 1066.0 
person 0.97292894125 1099.0 957.0 1130.0 1002.0 
person 0.971761524677 2553.0 957.0 2588.0 1017.0 
person 0.958505570889 1794.0 959.0 1821.0 1016.0 
person 0.942745387554 1036.0 959.0 1058.0 1019.0 
person 0.922850131989 2014.0 952.0 2041.0 1010.0 
person 0.892654180527 429.0 952.0 447.0 999.0 
person 0.864547431469 2883.0 947.0 2926.0 1050.0 
person 0.848996460438 1981.0 966.0 2006.0 1025.0 
person 0.592982828617 171.0 948.0 181.0 975.0 
person 0.429354518652 162.0 949.0 172.0 978.0 
person 0.405745238066 151.0 947.0 165.0 977.0 
