person 0.997559309006 743.0 959.0 797.0 1088.0 
person 0.997319281101 450.0 968.0 531.0 1087.0 
person 0.979556679726 565.0 947.0 610.0 1066.0 
person 0.974026918411 2555.0 959.0 2589.0 1018.0 
person 0.959609866142 1793.0 958.0 1820.0 1016.0 
person 0.951948881149 2881.0 954.0 2927.0 1051.0 
person 0.941868305206 1100.0 955.0 1126.0 1001.0 
person 0.91665995121 1035.0 955.0 1057.0 1018.0 
person 0.889459013939 2015.0 953.0 2041.0 1009.0 
person 0.882072269917 429.0 953.0 447.0 1000.0 
person 0.880586028099 1985.0 968.0 2021.0 1031.0 
person 0.520999372005 168.0 948.0 180.0 976.0 
person 0.434713661671 163.0 949.0 175.0 976.0 
person 0.414870619774 160.0 949.0 172.0 978.0 
person 0.402766555548 1974.0 970.0 2013.0 1025.0 
person 0.396474599838 152.0 950.0 163.0 978.0 
