person 0.997967064381 453.0 966.0 534.0 1084.0 
person 0.996838331223 737.0 957.0 794.0 1089.0 
person 0.97555154562 2556.0 958.0 2587.0 1017.0 
person 0.972956597805 565.0 946.0 609.0 1067.0 
person 0.962679803371 2875.0 953.0 2921.0 1051.0 
person 0.959123551846 1793.0 959.0 1821.0 1018.0 
person 0.941784441471 1097.0 955.0 1119.0 1002.0 
person 0.905171811581 1030.0 956.0 1056.0 1017.0 
person 0.881680309772 429.0 952.0 447.0 999.0 
person 0.866860151291 1996.0 968.0 2017.0 1015.0 
person 0.832791566849 2017.0 955.0 2041.0 1010.0 
person 0.430922955275 160.0 949.0 172.0 977.0 
person 0.415369063616 169.0 949.0 179.0 976.0 
