person 0.998044133186 461.0 963.0 535.0 1084.0 
person 0.997054100037 730.0 958.0 788.0 1087.0 
person 0.980702221394 565.0 943.0 609.0 1067.0 
person 0.977681517601 2868.0 962.0 2917.0 1053.0 
person 0.973652243614 2555.0 956.0 2586.0 1017.0 
person 0.967094540596 1023.0 952.0 1056.0 1020.0 
person 0.957508683205 1095.0 955.0 1118.0 1003.0 
person 0.950176000595 1792.0 959.0 1821.0 1018.0 
person 0.878114640713 429.0 952.0 446.0 999.0 
person 0.844831228256 2016.0 954.0 2041.0 1009.0 
person 0.599345564842 1997.0 973.0 2022.0 1023.0 
person 0.507412970066 433.0 952.0 450.0 997.0 
person 0.469454646111 170.0 949.0 181.0 978.0 
person 0.464963406324 161.0 949.0 172.0 978.0 
person 0.397623717785 165.0 947.0 174.0 975.0 
person 0.384315490723 2004.0 973.0 2029.0 1037.0 
person 0.323248237371 154.0 951.0 164.0 979.0 
