person 0.996225595474 726.0 960.0 786.0 1088.0 
person 0.991269111633 466.0 962.0 535.0 1087.0 
person 0.982647240162 565.0 943.0 609.0 1067.0 
person 0.974289953709 1019.0 954.0 1054.0 1021.0 
person 0.971107125282 2862.0 952.0 2916.0 1051.0 
person 0.969848632812 1791.0 959.0 1820.0 1018.0 
person 0.94950991869 2553.0 958.0 2585.0 1017.0 
person 0.949478983879 1999.0 964.0 2036.0 1041.0 
person 0.940535187721 1094.0 958.0 1115.0 1004.0 
person 0.818765521049 428.0 953.0 445.0 1001.0 
person 0.54819393158 2020.0 954.0 2042.0 1004.0 
person 0.458175271749 433.0 952.0 450.0 997.0 
person 0.417401254177 162.0 949.0 172.0 978.0 
person 0.392098009586 171.0 948.0 182.0 977.0 
person 0.364057809114 165.0 947.0 174.0 974.0 
