person 0.996861100197 721.0 963.0 784.0 1087.0 
person 0.990695476532 466.0 960.0 537.0 1087.0 
person 0.984633207321 2857.0 949.0 2910.0 1049.0 
person 0.983691811562 565.0 943.0 609.0 1067.0 
person 0.976792931557 2553.0 956.0 2587.0 1018.0 
person 0.973269939423 1018.0 953.0 1052.0 1019.0 
person 0.967211484909 1790.0 959.0 1818.0 1018.0 
person 0.923306703568 1094.0 959.0 1114.0 1003.0 
person 0.828234791756 428.0 953.0 445.0 1001.0 
person 0.7661921978 2012.0 956.0 2040.0 1027.0 
person 0.752616584301 2018.0 955.0 2042.0 1011.0 
person 0.479978352785 171.0 949.0 181.0 976.0 
person 0.452643215656 162.0 949.0 172.0 978.0 
person 0.442374974489 433.0 951.0 450.0 997.0 
person 0.409005999565 165.0 947.0 174.0 975.0 
person 0.36425101757 154.0 949.0 164.0 979.0 
