person 0.995756685734 479.0 954.0 545.0 1085.0 
person 0.991720438004 718.0 969.0 775.0 1085.0 
person 0.989391684532 565.0 943.0 610.0 1066.0 
person 0.979744672775 1010.0 955.0 1047.0 1016.0 
person 0.968228161335 1789.0 957.0 1813.0 1015.0 
person 0.959373891354 1088.0 955.0 1107.0 1004.0 
person 0.949839711189 2551.0 957.0 2583.0 1018.0 
person 0.91269159317 2846.0 951.0 2900.0 1047.0 
person 0.875837683678 2021.0 957.0 2055.0 1037.0 
person 0.812205255032 429.0 950.0 446.0 997.0 
person 0.624954283237 2024.0 955.0 2045.0 998.0 
person 0.485959559679 2023.0 955.0 2047.0 1020.0 
person 0.46280503273 170.0 948.0 181.0 977.0 
person 0.45224609971 161.0 948.0 172.0 978.0 
person 0.389862656593 154.0 949.0 164.0 979.0 
