person 0.995036184788 505.0 956.0 560.0 1087.0 
person 0.994075298309 702.0 968.0 756.0 1091.0 
person 0.983093142509 2542.0 957.0 2574.0 1021.0 
person 0.978504002094 562.0 949.0 606.0 1066.0 
person 0.96967959404 1783.0 955.0 1807.0 1011.0 
person 0.949686646461 2827.0 960.0 2862.0 1045.0 
person 0.946928441525 2025.0 952.0 2045.0 1010.0 
person 0.939627885818 1076.0 953.0 1101.0 1000.0 
person 0.883236169815 995.0 965.0 1025.0 1018.0 
person 0.877489209175 2037.0 964.0 2100.0 1042.0 
person 0.762457370758 428.0 948.0 446.0 997.0 
person 0.620977640152 1955.0 897.0 1982.0 970.0 
person 0.542981088161 179.0 948.0 188.0 979.0 
person 0.52758961916 174.0 948.0 184.0 978.0 
person 0.511546254158 166.0 947.0 177.0 977.0 
person 0.507502615452 163.0 947.0 174.0 978.0 
