person 0.995023727417 509.0 958.0 562.0 1089.0 
person 0.992101848125 698.0 966.0 753.0 1092.0 
person 0.987757444382 2541.0 957.0 2571.0 1021.0 
person 0.972937762737 2817.0 964.0 2864.0 1047.0 
person 0.972223162651 1069.0 952.0 1098.0 1003.0 
person 0.967334985733 1780.0 954.0 1805.0 1013.0 
person 0.966133534908 564.0 945.0 608.0 1066.0 
person 0.960549771786 989.0 960.0 1019.0 1022.0 
person 0.959204494953 2025.0 952.0 2045.0 1009.0 
person 0.885119557381 2068.0 957.0 2103.0 1043.0 
person 0.833118379116 427.0 951.0 444.0 999.0 
person 0.613749623299 1955.0 897.0 1982.0 970.0 
person 0.580346941948 180.0 948.0 188.0 978.0 
person 0.568151891232 176.0 948.0 184.0 978.0 
person 0.435762912035 165.0 948.0 174.0 978.0 
person 0.414070814848 170.0 947.0 179.0 976.0 
