person 0.979232251644 3567.0 948.0 3610.0 1077.0 
person 0.978895187378 1489.0 959.0 1520.0 1043.0 
person 0.973149597645 2581.0 949.0 2606.0 1015.0 
person 0.937725365162 1938.0 953.0 1963.0 1008.0 
person 0.934890091419 720.0 950.0 749.0 1039.0 
person 0.933736145496 742.0 955.0 767.0 1039.0 
person 0.901682376862 1256.0 953.0 1273.0 993.0 
person 0.871353745461 1116.0 957.0 1132.0 1001.0 
person 0.868925988674 910.0 957.0 942.0 1096.0 
person 0.82138299942 907.0 1007.0 932.0 1098.0 
person 0.772363841534 461.0 947.0 477.0 998.0 
person 0.771305799484 1723.0 955.0 1772.0 1002.0 
person 0.65945738554 71.0 947.0 83.0 973.0 
person 0.483854532242 1252.0 956.0 1269.0 994.0 
person 0.472666949034 68.0 949.0 78.0 973.0 
person 0.324010699987 43.0 948.0 47.0 976.0 
