person 0.995577931404 511.0 960.0 566.0 1088.0 
person 0.994044959545 697.0 967.0 752.0 1091.0 
person 0.985639035702 2541.0 957.0 2569.0 1021.0 
person 0.975640416145 1068.0 954.0 1096.0 1003.0 
person 0.964856028557 1779.0 955.0 1805.0 1013.0 
person 0.960241019726 564.0 944.0 607.0 1067.0 
person 0.955954194069 990.0 962.0 1016.0 1022.0 
person 0.955644786358 2025.0 951.0 2046.0 1010.0 
person 0.947520434856 2814.0 967.0 2861.0 1046.0 
person 0.809525370598 427.0 950.0 444.0 999.0 
person 0.72548699379 2053.0 964.0 2103.0 1039.0 
person 0.624728262424 180.0 948.0 188.0 978.0 
person 0.57176476717 1955.0 897.0 1982.0 970.0 
person 0.551325023174 176.0 948.0 184.0 978.0 
person 0.455078423023 2067.0 962.0 2098.0 1023.0 
person 0.439337730408 2072.0 962.0 2108.0 1043.0 
person 0.397114217281 165.0 947.0 174.0 978.0 
person 0.375611573458 169.0 947.0 178.0 976.0 
