person 0.997738003731 513.0 965.0 572.0 1091.0 
person 0.995342493057 694.0 966.0 750.0 1092.0 
person 0.992561399937 2808.0 963.0 2858.0 1047.0 
person 0.98660826683 2542.0 957.0 2567.0 1024.0 
person 0.969298839569 1779.0 954.0 1803.0 1012.0 
person 0.965109944344 564.0 948.0 606.0 1070.0 
person 0.963781654835 2026.0 952.0 2046.0 1012.0 
person 0.963595092297 1067.0 954.0 1092.0 1003.0 
person 0.960879206657 987.0 960.0 1010.0 1023.0 
person 0.939208805561 2078.0 962.0 2109.0 1044.0 
person 0.769052743912 428.0 950.0 444.0 999.0 
person 0.627541661263 180.0 949.0 188.0 978.0 
person 0.601517319679 177.0 949.0 185.0 978.0 
person 0.437315881252 994.0 963.0 1014.0 1023.0 
person 0.421000510454 170.0 948.0 179.0 976.0 
person 0.396470665932 166.0 949.0 175.0 978.0 
person 0.304660052061 156.0 949.0 165.0 977.0 
