person 0.99816352129 514.0 966.0 576.0 1092.0 
person 0.995204925537 692.0 965.0 748.0 1094.0 
person 0.989128649235 2542.0 956.0 2566.0 1023.0 
person 0.980939388275 2802.0 959.0 2855.0 1047.0 
person 0.972130596638 1777.0 953.0 1803.0 1013.0 
person 0.971383571625 2025.0 952.0 2046.0 1011.0 
person 0.964283823967 985.0 959.0 1007.0 1023.0 
person 0.945973813534 1065.0 955.0 1087.0 1001.0 
person 0.925787448883 568.0 948.0 608.0 1067.0 
person 0.89550191164 2085.0 962.0 2111.0 1043.0 
person 0.755859136581 428.0 948.0 444.0 997.0 
person 0.597421228886 180.0 949.0 188.0 977.0 
person 0.561562359333 177.0 949.0 185.0 976.0 
person 0.367225021124 170.0 948.0 179.0 976.0 
person 0.324329942465 166.0 948.0 175.0 977.0 
