person 0.99830108881 515.0 966.0 587.0 1091.0 
person 0.995230972767 686.0 964.0 745.0 1094.0 
person 0.984451532364 2540.0 956.0 2564.0 1023.0 
person 0.983258605003 2791.0 953.0 2846.0 1044.0 
person 0.978976607323 2026.0 952.0 2047.0 1012.0 
person 0.965630948544 1777.0 954.0 1803.0 1013.0 
person 0.942038178444 2095.0 958.0 2120.0 1044.0 
person 0.924749195576 980.0 959.0 1004.0 1025.0 
person 0.913132548332 1064.0 958.0 1081.0 1001.0 
person 0.896665811539 568.0 947.0 607.0 1066.0 
person 0.808261632919 426.0 950.0 442.0 999.0 
person 0.575886547565 180.0 949.0 189.0 977.0 
person 0.479783296585 430.0 952.0 447.0 999.0 
person 0.475033283234 176.0 948.0 185.0 977.0 
person 0.324558317661 167.0 946.0 175.0 975.0 
