person 0.997666597366 514.0 968.0 600.0 1091.0 
person 0.997081696987 677.0 967.0 743.0 1103.0 
person 0.982373476028 2105.0 958.0 2139.0 1045.0 
person 0.981229662895 2025.0 952.0 2047.0 1013.0 
person 0.976437628269 1774.0 955.0 1801.0 1013.0 
person 0.962417185307 2532.0 955.0 2562.0 1024.0 
person 0.948255836964 1056.0 958.0 1074.0 1004.0 
person 0.910117864609 2788.0 984.0 2834.0 1041.0 
person 0.831682801247 969.0 963.0 997.0 1023.0 
person 0.806354224682 572.0 947.0 608.0 1065.0 
person 0.680063545704 426.0 948.0 443.0 998.0 
person 0.433827579021 180.0 948.0 189.0 977.0 
person 0.423407644033 177.0 947.0 186.0 977.0 
person 0.344680070877 2030.0 950.0 2054.0 1011.0 
