person 0.985799908638 3566.0 949.0 3610.0 1076.0 
person 0.983844339848 1489.0 958.0 1521.0 1043.0 
person 0.97253549099 2581.0 949.0 2606.0 1015.0 
person 0.940326571465 741.0 954.0 767.0 1040.0 
person 0.939287126064 720.0 950.0 747.0 1038.0 
person 0.935150444508 1938.0 953.0 1963.0 1008.0 
person 0.912827789783 1721.0 955.0 1773.0 1004.0 
person 0.912795126438 1256.0 954.0 1273.0 993.0 
person 0.874049603939 908.0 966.0 941.0 1096.0 
person 0.85635972023 1116.0 957.0 1132.0 1001.0 
person 0.756844878197 461.0 947.0 477.0 998.0 
person 0.726132690907 906.0 1009.0 932.0 1098.0 
person 0.48200148344 1260.0 951.0 1276.0 992.0 
person 0.456945955753 71.0 947.0 83.0 972.0 
person 0.40865367651 42.0 949.0 46.0 976.0 
person 0.402341783047 1252.0 957.0 1268.0 995.0 
person 0.309680014849 67.0 949.0 78.0 972.0 
person 0.301531583071 49.0 950.0 57.0 975.0 
