person 0.998388171196 674.0 968.0 742.0 1101.0 
person 0.997888505459 514.0 965.0 603.0 1093.0 
person 0.988735496998 2107.0 959.0 2148.0 1045.0 
person 0.982109963894 1773.0 955.0 1800.0 1013.0 
person 0.978963971138 2026.0 952.0 2048.0 1013.0 
person 0.967476427555 2530.0 955.0 2561.0 1024.0 
person 0.947796225548 2782.0 957.0 2825.0 1043.0 
person 0.944621801376 1055.0 959.0 1072.0 1004.0 
person 0.921238124371 966.0 958.0 996.0 1020.0 
person 0.780435144901 426.0 951.0 441.0 1000.0 
person 0.727641761303 577.0 947.0 608.0 1056.0 
person 0.410444051027 2030.0 950.0 2054.0 1011.0 
person 0.342525750399 181.0 949.0 189.0 977.0 
