person 0.998371303082 674.0 971.0 738.0 1105.0 
person 0.994518697262 518.0 961.0 609.0 1096.0 
person 0.989204108715 2112.0 960.0 2164.0 1043.0 
person 0.985044240952 1769.0 959.0 1800.0 1013.0 
person 0.982000291348 2026.0 952.0 2048.0 1013.0 
person 0.974466502666 2526.0 957.0 2557.0 1025.0 
person 0.954687714577 2765.0 955.0 2805.0 1043.0 
person 0.935666024685 958.0 954.0 993.0 1019.0 
person 0.92060983181 1049.0 959.0 1069.0 1002.0 
person 0.798378765583 425.0 952.0 440.0 1000.0 
person 0.489732056856 583.0 950.0 608.0 1046.0 
person 0.300892025232 180.0 949.0 189.0 977.0 
