person 0.997758865356 676.0 971.0 738.0 1104.0 
person 0.995887339115 519.0 964.0 610.0 1090.0 
person 0.983653843403 1767.0 961.0 1801.0 1014.0 
person 0.981557905674 2026.0 952.0 2048.0 1013.0 
person 0.980220913887 2526.0 957.0 2555.0 1025.0 
person 0.978973329067 2760.0 954.0 2799.0 1042.0 
person 0.976943314075 2119.0 961.0 2174.0 1043.0 
person 0.942997872829 1047.0 956.0 1069.0 1001.0 
person 0.840700507164 421.0 953.0 436.0 997.0 
person 0.839778423309 424.0 952.0 440.0 999.0 
person 0.628768622875 958.0 957.0 990.0 1020.0 
person 0.342207342386 583.0 957.0 609.0 1052.0 
person 0.334527641535 180.0 948.0 189.0 978.0 
