person 0.980820894241 3566.0 948.0 3610.0 1078.0 
person 0.979355752468 1488.0 958.0 1520.0 1042.0 
person 0.973006248474 2581.0 949.0 2606.0 1015.0 
person 0.941261172295 741.0 954.0 767.0 1040.0 
person 0.935891270638 1938.0 953.0 1963.0 1008.0 
person 0.933665394783 720.0 950.0 747.0 1038.0 
person 0.917575955391 1256.0 953.0 1273.0 993.0 
person 0.913095772266 1721.0 955.0 1773.0 1004.0 
person 0.860494315624 908.0 967.0 941.0 1096.0 
person 0.85620111227 1116.0 957.0 1132.0 1001.0 
person 0.765587568283 461.0 947.0 477.0 998.0 
person 0.700080752373 906.0 1009.0 932.0 1098.0 
person 0.603761136532 1260.0 952.0 1278.0 993.0 
person 0.509989261627 72.0 947.0 83.0 973.0 
person 0.430733412504 1252.0 956.0 1269.0 995.0 
person 0.395300298929 42.0 949.0 46.0 976.0 
person 0.34176877141 68.0 949.0 78.0 973.0 
person 0.306860595942 49.0 950.0 57.0 975.0 
