person 0.997088730335 679.0 966.0 738.0 1109.0 
person 0.99410879612 548.0 954.0 615.0 1091.0 
person 0.993120849133 2741.0 954.0 2790.0 1044.0 
person 0.991804718971 2522.0 958.0 2550.0 1026.0 
person 0.975682199001 2027.0 950.0 2050.0 1014.0 
person 0.975385069847 1034.0 956.0 1064.0 1003.0 
person 0.969809651375 1763.0 960.0 1798.0 1014.0 
person 0.957332968712 946.0 959.0 975.0 1024.0 
person 0.951993405819 2149.0 965.0 2199.0 1046.0 
person 0.63069999218 421.0 954.0 435.0 996.0 
person 0.546879827976 181.0 949.0 190.0 978.0 
person 0.486745506525 177.0 947.0 185.0 978.0 
person 0.445324122906 187.0 948.0 196.0 978.0 
person 0.438123315573 168.0 948.0 177.0 978.0 
person 0.340599358082 424.0 953.0 440.0 997.0 
