person 0.996757805347 680.0 965.0 737.0 1113.0 
person 0.995283782482 561.0 952.0 618.0 1091.0 
person 0.99031829834 2731.0 954.0 2786.0 1045.0 
person 0.989481806755 2520.0 959.0 2550.0 1025.0 
person 0.980766057968 1032.0 957.0 1061.0 1003.0 
person 0.976664125919 2027.0 950.0 2050.0 1014.0 
person 0.966752588749 1760.0 961.0 1791.0 1012.0 
person 0.95792144537 2164.0 966.0 2200.0 1040.0 
person 0.946110248566 944.0 958.0 969.0 1025.0 
person 0.580591022968 421.0 954.0 435.0 996.0 
person 0.390688568354 181.0 949.0 189.0 979.0 
person 0.322914332151 178.0 947.0 186.0 978.0 
