person 0.997310996056 568.0 949.0 621.0 1091.0 
person 0.996929943562 680.0 965.0 737.0 1117.0 
person 0.983695745468 2717.0 959.0 2778.0 1043.0 
person 0.980479240417 2027.0 950.0 2049.0 1014.0 
person 0.972670853138 2514.0 960.0 2551.0 1027.0 
person 0.965789914131 1030.0 956.0 1057.0 1005.0 
person 0.958613455296 939.0 959.0 960.0 1023.0 
person 0.942321240902 2177.0 964.0 2208.0 1046.0 
person 0.938169121742 1755.0 961.0 1783.0 1012.0 
person 0.749965727329 185.0 949.0 196.0 978.0 
person 0.671429753304 165.0 949.0 175.0 977.0 
person 0.570423662663 421.0 954.0 435.0 997.0 
person 0.458006232977 179.0 951.0 188.0 978.0 
person 0.451294094324 174.0 948.0 184.0 978.0 
person 0.33118480444 423.0 952.0 439.0 995.0 
