person 0.99483537674 679.0 968.0 740.0 1123.0 
person 0.98739606142 576.0 951.0 634.0 1087.0 
person 0.984732329845 2497.0 960.0 2539.0 1034.0 
person 0.981574237347 2027.0 950.0 2049.0 1014.0 
person 0.957152605057 2194.0 958.0 2227.0 1045.0 
person 0.951920509338 922.0 959.0 958.0 1025.0 
person 0.9460978508 1024.0 959.0 1046.0 1006.0 
person 0.937699794769 1738.0 957.0 1778.0 1013.0 
person 0.892678499222 2709.0 961.0 2739.0 1044.0 
person 0.721638560295 186.0 949.0 197.0 976.0 
person 0.622252225876 420.0 955.0 434.0 998.0 
person 0.588268995285 165.0 949.0 176.0 976.0 
person 0.437292963266 181.0 950.0 190.0 974.0 
person 0.366348445415 175.0 949.0 185.0 976.0 
person 0.350031614304 179.0 952.0 188.0 977.0 
