person 0.995426118374 677.0 971.0 739.0 1125.0 
person 0.986727416515 2496.0 960.0 2538.0 1035.0 
person 0.983213543892 2027.0 949.0 2049.0 1014.0 
person 0.974754691124 589.0 950.0 635.0 1085.0 
person 0.973675608635 920.0 958.0 957.0 1024.0 
person 0.953023612499 1738.0 957.0 1775.0 1012.0 
person 0.917690634727 2197.0 959.0 2236.0 1045.0 
person 0.886599957943 1023.0 959.0 1044.0 1006.0 
person 0.793078064919 2706.0 974.0 2736.0 1042.0 
person 0.734827518463 574.0 957.0 605.0 1064.0 
person 0.68653267622 186.0 949.0 197.0 977.0 
person 0.628423094749 420.0 953.0 434.0 998.0 
person 0.551329135895 168.0 950.0 178.0 977.0 
person 0.420761704445 175.0 949.0 185.0 977.0 
person 0.357093393803 179.0 951.0 188.0 978.0 
