person 0.995989024639 677.0 972.0 739.0 1124.0 
person 0.986166894436 2499.0 960.0 2538.0 1033.0 
person 0.983155608177 2027.0 949.0 2049.0 1014.0 
person 0.977438032627 920.0 957.0 954.0 1022.0 
person 0.975515961647 586.0 951.0 636.0 1086.0 
person 0.957948863506 1738.0 957.0 1774.0 1013.0 
person 0.930165171623 2203.0 959.0 2239.0 1045.0 
person 0.920774459839 1022.0 959.0 1040.0 1004.0 
person 0.825987398624 2705.0 970.0 2732.0 1046.0 
person 0.715270757675 574.0 958.0 610.0 1068.0 
person 0.694725513458 186.0 949.0 197.0 977.0 
person 0.630981504917 420.0 953.0 434.0 998.0 
person 0.622545599937 165.0 949.0 176.0 976.0 
person 0.532574951649 181.0 948.0 190.0 974.0 
person 0.530593693256 168.0 950.0 178.0 977.0 
person 0.451781779528 175.0 949.0 185.0 976.0 
person 0.337411433458 179.0 951.0 188.0 977.0 
