person 0.996802091599 675.0 973.0 739.0 1125.0 
person 0.986814975739 2496.0 961.0 2537.0 1034.0 
person 0.983139336109 2027.0 949.0 2049.0 1014.0 
person 0.978449106216 919.0 958.0 952.0 1021.0 
person 0.97108566761 589.0 952.0 637.0 1088.0 
person 0.93985581398 2702.0 967.0 2731.0 1045.0 
person 0.938081204891 1020.0 958.0 1040.0 1003.0 
person 0.930608153343 1734.0 956.0 1772.0 1012.0 
person 0.925782501698 2206.0 958.0 2242.0 1047.0 
person 0.807930767536 419.0 954.0 434.0 999.0 
person 0.755822122097 575.0 958.0 610.0 1067.0 
person 0.712017178535 185.0 949.0 197.0 977.0 
person 0.62839204073 165.0 949.0 176.0 976.0 
person 0.507064163685 181.0 949.0 190.0 975.0 
person 0.451061606407 175.0 949.0 185.0 977.0 
person 0.373295933008 179.0 951.0 188.0 978.0 
person 0.317407339811 193.0 949.0 202.0 977.0 
