person 0.996682226658 675.0 974.0 738.0 1125.0 
person 0.989509224892 2494.0 961.0 2537.0 1037.0 
person 0.983032763004 2027.0 950.0 2049.0 1014.0 
person 0.980279803276 588.0 951.0 641.0 1085.0 
person 0.976592600346 915.0 957.0 949.0 1022.0 
person 0.965434253216 2690.0 965.0 2727.0 1046.0 
person 0.954481422901 2216.0 959.0 2242.0 1029.0 
person 0.912225246429 1017.0 958.0 1039.0 1005.0 
person 0.902803957462 1737.0 959.0 1768.0 1011.0 
person 0.792337715626 419.0 954.0 434.0 999.0 
person 0.708232462406 185.0 949.0 197.0 978.0 
person 0.698237419128 577.0 957.0 609.0 1065.0 
person 0.613003134727 165.0 949.0 176.0 976.0 
person 0.508999049664 180.0 948.0 189.0 975.0 
person 0.455195695162 175.0 949.0 185.0 977.0 
person 0.40587797761 179.0 951.0 188.0 978.0 
person 0.357018947601 193.0 949.0 202.0 977.0 
