person 0.997118234634 674.0 973.0 739.0 1126.0 
person 0.983128964901 2493.0 960.0 2537.0 1037.0 
person 0.982175886631 2027.0 950.0 2049.0 1014.0 
person 0.978617012501 2687.0 968.0 2726.0 1047.0 
person 0.975133657455 597.0 954.0 647.0 1086.0 
person 0.972089350224 912.0 956.0 947.0 1023.0 
person 0.969824910164 2221.0 960.0 2248.0 1026.0 
person 0.938010156155 1014.0 956.0 1037.0 1004.0 
person 0.914421081543 1738.0 961.0 1767.0 1010.0 
person 0.854508578777 577.0 958.0 609.0 1067.0 
person 0.809403121471 418.0 953.0 434.0 999.0 
person 0.682268202305 185.0 949.0 197.0 978.0 
person 0.557659626007 168.0 950.0 177.0 977.0 
person 0.461361765862 422.0 953.0 438.0 997.0 
person 0.427441298962 175.0 949.0 185.0 978.0 
person 0.398599773645 179.0 952.0 188.0 978.0 
person 0.386985659599 180.0 950.0 189.0 975.0 
person 0.307413130999 192.0 949.0 202.0 977.0 
