person 0.997337043285 665.0 971.0 738.0 1144.0 
person 0.991318881512 603.0 956.0 663.0 1084.0 
person 0.987179934978 2650.0 958.0 2713.0 1047.0 
person 0.980929374695 2026.0 950.0 2049.0 1015.0 
person 0.972684919834 905.0 958.0 930.0 1025.0 
person 0.968636393547 2233.0 963.0 2269.0 1050.0 
person 0.967308223248 2498.0 961.0 2539.0 1039.0 
person 0.963692843914 1005.0 954.0 1030.0 1005.0 
person 0.956334233284 1730.0 958.0 1755.0 1014.0 
person 0.900431036949 581.0 959.0 610.0 1063.0 
person 0.884731829166 417.0 952.0 434.0 998.0 
person 0.616810441017 188.0 949.0 199.0 978.0 
person 0.545481443405 168.0 949.0 178.0 977.0 
person 0.485160708427 192.0 949.0 203.0 977.0 
person 0.412505984306 175.0 948.0 185.0 977.0 
person 0.403407424688 181.0 948.0 189.0 975.0 
person 0.382927805185 178.0 951.0 187.0 978.0 
person 0.333987563848 195.0 949.0 206.0 976.0 
