person 0.997098684311 664.0 970.0 739.0 1149.0 
person 0.987123608589 605.0 956.0 664.0 1083.0 
person 0.984198153019 2646.0 958.0 2705.0 1048.0 
person 0.982018709183 2027.0 950.0 2049.0 1015.0 
person 0.979252040386 1728.0 958.0 1754.0 1014.0 
person 0.973118782043 2496.0 963.0 2539.0 1046.0 
person 0.971458554268 903.0 959.0 928.0 1026.0 
person 0.967400789261 2241.0 962.0 2271.0 1049.0 
person 0.935670495033 580.0 956.0 612.0 1064.0 
person 0.930232644081 1002.0 958.0 1025.0 1005.0 
person 0.840721726418 417.0 952.0 433.0 998.0 
person 0.583144664764 188.0 949.0 199.0 977.0 
person 0.534711718559 168.0 950.0 178.0 977.0 
person 0.534548640251 185.0 949.0 196.0 977.0 
person 0.471391826868 194.0 950.0 203.0 976.0 
person 0.4464443326 181.0 948.0 190.0 975.0 
person 0.404063820839 175.0 949.0 185.0 977.0 
person 0.34394082427 178.0 952.0 188.0 979.0 
person 0.30893099308 421.0 950.0 436.0 998.0 
