person 0.998001873493 661.0 972.0 741.0 1157.0 
person 0.983713626862 1717.0 959.0 1749.0 1015.0 
person 0.983111023903 2026.0 950.0 2049.0 1014.0 
person 0.976263463497 2640.0 962.0 2687.0 1050.0 
person 0.973970115185 894.0 958.0 920.0 1027.0 
person 0.971035957336 2496.0 966.0 2539.0 1043.0 
person 0.970543444157 2256.0 957.0 2281.0 1047.0 
person 0.968504726887 610.0 957.0 662.0 1079.0 
person 0.962365627289 579.0 948.0 616.0 1066.0 
person 0.928069412708 999.0 960.0 1020.0 1005.0 
person 0.855424642563 416.0 952.0 432.0 998.0 
person 0.625620007515 190.0 948.0 199.0 978.0 
person 0.623843729496 195.0 949.0 204.0 977.0 
person 0.596324503422 168.0 951.0 178.0 977.0 
person 0.536928236485 187.0 949.0 196.0 978.0 
person 0.533872127533 181.0 948.0 190.0 975.0 
person 0.520087361336 176.0 949.0 186.0 978.0 
person 0.467028349638 180.0 951.0 189.0 979.0 
person 0.353638231754 420.0 951.0 436.0 996.0 
