person 0.994886696339 660.0 974.0 742.0 1166.0 
person 0.989943623543 2261.0 958.0 2299.0 1051.0 
person 0.986175179482 2495.0 968.0 2543.0 1045.0 
person 0.983147978783 2026.0 950.0 2049.0 1015.0 
person 0.97866153717 2636.0 963.0 2674.0 1052.0 
person 0.966057896614 616.0 955.0 665.0 1080.0 
person 0.965691745281 890.0 956.0 915.0 1027.0 
person 0.950956702232 578.0 948.0 617.0 1067.0 
person 0.908421337605 1714.0 966.0 1738.0 1013.0 
person 0.896369338036 994.0 959.0 1013.0 1006.0 
person 0.8717020154 416.0 952.0 430.0 999.0 
person 0.676672399044 195.0 950.0 204.0 978.0 
person 0.662483870983 191.0 950.0 200.0 978.0 
person 0.659570932388 169.0 950.0 179.0 978.0 
person 0.622116565704 178.0 948.0 187.0 978.0 
person 0.578617990017 1711.0 966.0 1731.0 1016.0 
person 0.507041871548 182.0 948.0 191.0 976.0 
