person 0.997339427471 662.0 976.0 742.0 1166.0 
person 0.993469953537 2263.0 955.0 2309.0 1052.0 
person 0.983116209507 2026.0 950.0 2049.0 1015.0 
person 0.981661200523 2629.0 964.0 2667.0 1052.0 
person 0.981470882893 2494.0 969.0 2547.0 1045.0 
person 0.973255991936 888.0 954.0 914.0 1028.0 
person 0.972666800022 618.0 957.0 666.0 1080.0 
person 0.946525335312 576.0 948.0 617.0 1068.0 
person 0.940933525562 1710.0 966.0 1733.0 1016.0 
person 0.939994931221 992.0 960.0 1012.0 1006.0 
person 0.873541712761 416.0 952.0 430.0 999.0 
person 0.641521692276 419.0 952.0 435.0 998.0 
person 0.636669754982 178.0 949.0 186.0 979.0 
person 0.630913257599 169.0 951.0 178.0 979.0 
person 0.627579629421 192.0 950.0 200.0 979.0 
person 0.584038376808 195.0 951.0 204.0 978.0 
person 0.549159765244 1717.0 968.0 1740.0 1014.0 
person 0.377281963825 181.0 952.0 189.0 980.0 
person 0.331567794085 200.0 951.0 210.0 978.0 
