person 0.996692180634 663.0 974.0 743.0 1164.0 
person 0.987757563591 2495.0 967.0 2551.0 1046.0 
person 0.984598040581 2264.0 957.0 2316.0 1052.0 
person 0.983817696571 2627.0 962.0 2665.0 1052.0 
person 0.98273473978 2026.0 950.0 2049.0 1015.0 
person 0.968815922737 617.0 958.0 667.0 1079.0 
person 0.962848782539 887.0 953.0 913.0 1027.0 
person 0.958513796329 1711.0 967.0 1732.0 1016.0 
person 0.948719143867 576.0 948.0 617.0 1068.0 
person 0.942046642303 992.0 960.0 1011.0 1006.0 
person 0.88481003046 416.0 952.0 430.0 999.0 
person 0.647650718689 177.0 948.0 187.0 979.0 
person 0.644188761711 169.0 951.0 178.0 979.0 
person 0.610280334949 191.0 950.0 200.0 978.0 
person 0.590904772282 195.0 951.0 204.0 978.0 
person 0.444942474365 420.0 953.0 433.0 996.0 
person 0.400791615248 182.0 949.0 191.0 977.0 
person 0.389805346727 199.0 950.0 210.0 978.0 
