person 0.997645676136 670.0 971.0 743.0 1165.0 
person 0.994450986385 2274.0 960.0 2327.0 1052.0 
person 0.99321269989 2612.0 958.0 2658.0 1051.0 
person 0.988102734089 2496.0 969.0 2552.0 1048.0 
person 0.985793173313 620.0 955.0 672.0 1082.0 
person 0.983800470829 2026.0 950.0 2049.0 1015.0 
person 0.962545156479 879.0 955.0 910.0 1027.0 
person 0.960638999939 573.0 948.0 618.0 1066.0 
person 0.956684887409 1703.0 966.0 1727.0 1019.0 
person 0.94409096241 986.0 960.0 1009.0 1006.0 
person 0.866742491722 415.0 951.0 430.0 1000.0 
person 0.656539678574 195.0 950.0 205.0 978.0 
person 0.586726725101 175.0 949.0 186.0 980.0 
person 0.583120763302 168.0 951.0 178.0 979.0 
person 0.577739953995 189.0 950.0 200.0 979.0 
person 0.541410386562 186.0 950.0 197.0 978.0 
person 0.501000523567 179.0 952.0 189.0 980.0 
person 0.47986638546 199.0 950.0 211.0 978.0 
person 0.395039230585 419.0 952.0 433.0 996.0 
