person 0.997722566128 668.0 964.0 745.0 1178.0 
person 0.995873749256 2597.0 956.0 2650.0 1058.0 
person 0.990837216377 620.0 955.0 673.0 1079.0 
person 0.989054441452 2504.0 967.0 2561.0 1052.0 
person 0.988542675972 2283.0 964.0 2329.0 1050.0 
person 0.984966754913 2026.0 950.0 2049.0 1015.0 
person 0.98029756546 1693.0 966.0 1723.0 1019.0 
person 0.965824186802 572.0 949.0 617.0 1066.0 
person 0.957176089287 979.0 961.0 1009.0 1006.0 
person 0.955496788025 874.0 958.0 902.0 1028.0 
person 0.866743445396 414.0 950.0 430.0 999.0 
person 0.657872498035 169.0 951.0 178.0 979.0 
person 0.608066439629 177.0 948.0 186.0 978.0 
person 0.581741452217 195.0 950.0 205.0 978.0 
person 0.562175810337 189.0 949.0 200.0 978.0 
person 0.561160326004 180.0 952.0 188.0 979.0 
person 0.376488089561 198.0 950.0 210.0 977.0 
