person 0.995880842209 669.0 963.0 745.0 1184.0 
person 0.992777764797 2588.0 959.0 2648.0 1060.0 
person 0.985648751259 2026.0 950.0 2049.0 1015.0 
person 0.984365463257 620.0 955.0 675.0 1081.0 
person 0.977243125439 2510.0 969.0 2565.0 1050.0 
person 0.976830482483 1693.0 966.0 1719.0 1017.0 
person 0.975763916969 2288.0 967.0 2327.0 1045.0 
person 0.971456646919 572.0 948.0 617.0 1065.0 
person 0.96114385128 976.0 962.0 1008.0 1006.0 
person 0.952049911022 875.0 961.0 901.0 1027.0 
person 0.859099626541 415.0 950.0 429.0 999.0 
person 0.665774822235 418.0 950.0 433.0 998.0 
person 0.630653202534 177.0 948.0 187.0 978.0 
person 0.617600739002 194.0 949.0 205.0 978.0 
person 0.616686284542 179.0 951.0 188.0 979.0 
person 0.5687084198 189.0 949.0 200.0 978.0 
person 0.558800399303 186.0 949.0 196.0 977.0 
person 0.446136415005 198.0 949.0 211.0 977.0 
