person 0.997526466846 669.0 964.0 745.0 1184.0 
person 0.993694722652 2590.0 959.0 2648.0 1061.0 
person 0.988601148129 2511.0 969.0 2568.0 1049.0 
person 0.984586834908 2025.0 950.0 2048.0 1015.0 
person 0.981095731258 1691.0 966.0 1717.0 1014.0 
person 0.977087259293 619.0 956.0 676.0 1080.0 
person 0.973986327648 571.0 948.0 617.0 1065.0 
person 0.961329877377 2290.0 969.0 2328.0 1041.0 
person 0.958348870277 872.0 961.0 899.0 1028.0 
person 0.943418979645 977.0 961.0 1004.0 1005.0 
person 0.852183520794 414.0 950.0 429.0 999.0 
person 0.698269486427 195.0 949.0 205.0 978.0 
person 0.659781038761 418.0 951.0 433.0 998.0 
person 0.608660697937 179.0 950.0 188.0 979.0 
person 0.604179680347 189.0 949.0 200.0 978.0 
person 0.587319552898 177.0 947.0 186.0 977.0 
person 0.582791686058 187.0 949.0 197.0 977.0 
person 0.444989085197 198.0 949.0 211.0 977.0 
