person 0.997961044312 669.0 964.0 746.0 1185.0 
person 0.993699669838 2589.0 959.0 2646.0 1062.0 
person 0.986413598061 2294.0 969.0 2332.0 1048.0 
person 0.984765172005 2025.0 950.0 2048.0 1015.0 
person 0.977032899857 1691.0 966.0 1717.0 1013.0 
person 0.970089554787 621.0 954.0 678.0 1081.0 
person 0.966375827789 871.0 960.0 898.0 1027.0 
person 0.963671565056 572.0 949.0 616.0 1064.0 
person 0.954235732555 2511.0 969.0 2572.0 1050.0 
person 0.953768014908 976.0 960.0 1003.0 1004.0 
person 0.831082761288 414.0 950.0 429.0 1000.0 
person 0.745012521744 195.0 949.0 206.0 978.0 
person 0.648569345474 189.0 948.0 200.0 978.0 
person 0.633530795574 179.0 950.0 188.0 979.0 
person 0.595061421394 187.0 949.0 197.0 977.0 
person 0.563758075237 177.0 947.0 186.0 978.0 
person 0.464581042528 198.0 949.0 211.0 978.0 
