person 0.996285319328 672.0 965.0 746.0 1189.0 
person 0.990693151951 2586.0 962.0 2642.0 1066.0 
person 0.986152887344 2514.0 970.0 2573.0 1048.0 
person 0.98483723402 2025.0 950.0 2048.0 1015.0 
person 0.976777732372 1690.0 966.0 1714.0 1015.0 
person 0.971714377403 972.0 958.0 1001.0 1004.0 
person 0.971594393253 572.0 949.0 617.0 1064.0 
person 0.968529105186 869.0 959.0 894.0 1028.0 
person 0.958798646927 619.0 956.0 678.0 1081.0 
person 0.888933062553 2303.0 964.0 2332.0 1047.0 
person 0.786580264568 415.0 950.0 431.0 998.0 
person 0.731771588326 196.0 949.0 206.0 978.0 
person 0.679695427418 191.0 948.0 200.0 978.0 
person 0.604554653168 178.0 947.0 187.0 978.0 
person 0.595754206181 181.0 950.0 189.0 978.0 
person 0.438295245171 201.0 948.0 211.0 977.0 
