person 0.995401501656 672.0 967.0 746.0 1184.0 
person 0.9849588871 2585.0 970.0 2639.0 1067.0 
person 0.984800100327 2025.0 950.0 2048.0 1015.0 
person 0.982108473778 2515.0 969.0 2575.0 1048.0 
person 0.975910007954 1688.0 965.0 1712.0 1016.0 
person 0.965650200844 571.0 949.0 618.0 1064.0 
person 0.964175462723 971.0 959.0 999.0 1004.0 
person 0.9628033638 619.0 956.0 680.0 1082.0 
person 0.936107695103 868.0 959.0 892.0 1028.0 
person 0.911470234394 2304.0 961.0 2333.0 1047.0 
person 0.846557796001 414.0 950.0 429.0 1000.0 
person 0.747791945934 197.0 949.0 206.0 978.0 
person 0.657880842686 190.0 948.0 198.0 977.0 
person 0.617524206638 179.0 947.0 188.0 978.0 
person 0.611802875996 416.0 948.0 433.0 997.0 
person 0.589632749557 181.0 949.0 190.0 978.0 
person 0.315028607845 202.0 948.0 212.0 977.0 
