person 0.993798911572 672.0 970.0 746.0 1192.0 
person 0.990944862366 2583.0 968.0 2638.0 1069.0 
person 0.985035896301 2025.0 951.0 2048.0 1015.0 
person 0.970766842365 571.0 949.0 618.0 1064.0 
person 0.9663220644 969.0 958.0 998.0 1005.0 
person 0.965255975723 619.0 957.0 681.0 1082.0 
person 0.964018762112 2520.0 970.0 2578.0 1046.0 
person 0.953401267529 1688.0 967.0 1711.0 1016.0 
person 0.935749709606 2305.0 960.0 2336.0 1046.0 
person 0.926636338234 868.0 958.0 891.0 1028.0 
person 0.877135396004 413.0 950.0 429.0 999.0 
person 0.743713378906 197.0 949.0 206.0 978.0 
person 0.639778614044 191.0 948.0 198.0 977.0 
person 0.635333657265 416.0 947.0 433.0 996.0 
person 0.634296238422 180.0 947.0 188.0 978.0 
person 0.630313038826 183.0 948.0 192.0 975.0 
person 0.578063249588 182.0 949.0 190.0 978.0 
person 0.301166981459 203.0 948.0 212.0 977.0 
