person 0.995879530907 674.0 971.0 748.0 1207.0 
person 0.991035163403 2581.0 965.0 2636.0 1064.0 
person 0.9854362607 2025.0 951.0 2048.0 1015.0 
person 0.972236275673 620.0 957.0 682.0 1082.0 
person 0.959973990917 571.0 950.0 618.0 1064.0 
person 0.954856693745 1686.0 966.0 1707.0 1017.0 
person 0.951344192028 971.0 958.0 996.0 1005.0 
person 0.949827432632 2307.0 958.0 2339.0 1049.0 
person 0.93510133028 864.0 957.0 890.0 1029.0 
person 0.915112137794 2520.0 968.0 2592.0 1050.0 
person 0.788936376572 414.0 949.0 430.0 998.0 
person 0.758655905724 197.0 949.0 205.0 978.0 
person 0.66187286377 191.0 947.0 199.0 978.0 
person 0.635433316231 180.0 947.0 188.0 978.0 
person 0.619205951691 189.0 947.0 197.0 978.0 
person 0.380262672901 202.0 948.0 211.0 977.0 
