person 0.99748647213 673.0 970.0 749.0 1216.0 
person 0.988179683685 2581.0 965.0 2635.0 1062.0 
person 0.985799431801 2025.0 951.0 2048.0 1015.0 
person 0.974768817425 2521.0 967.0 2590.0 1052.0 
person 0.97261017561 621.0 955.0 683.0 1083.0 
person 0.970406472683 2310.0 959.0 2343.0 1051.0 
person 0.963804364204 861.0 959.0 888.0 1025.0 
person 0.959011852741 571.0 949.0 617.0 1064.0 
person 0.955885231495 1684.0 966.0 1705.0 1017.0 
person 0.945185363293 969.0 960.0 993.0 1007.0 
person 0.812075436115 414.0 949.0 430.0 998.0 
person 0.797234475613 196.0 949.0 206.0 978.0 
person 0.680843770504 190.0 947.0 200.0 978.0 
person 0.651388943195 181.0 950.0 189.0 979.0 
person 0.549905538559 200.0 947.0 211.0 977.0 
