person 0.998120844364 673.0 976.0 756.0 1216.0 
person 0.986185729504 2025.0 951.0 2048.0 1014.0 
person 0.985285580158 2523.0 966.0 2596.0 1056.0 
person 0.98322302103 2316.0 956.0 2349.0 1051.0 
person 0.978749811649 2582.0 963.0 2632.0 1062.0 
person 0.971436560154 628.0 957.0 682.0 1083.0 
person 0.969199061394 859.0 957.0 886.0 1030.0 
person 0.952529907227 968.0 960.0 991.0 1007.0 
person 0.952434539795 1682.0 966.0 1703.0 1016.0 
person 0.940117895603 573.0 951.0 615.0 1061.0 
person 0.798569738865 415.0 949.0 430.0 998.0 
person 0.775218307972 196.0 949.0 206.0 978.0 
person 0.597728192806 190.0 948.0 199.0 979.0 
person 0.544072926044 181.0 950.0 190.0 980.0 
person 0.534759640694 188.0 948.0 197.0 978.0 
person 0.507123112679 201.0 947.0 211.0 977.0 
