person 0.998988091946 672.0 974.0 760.0 1215.0 
person 0.988638460636 2024.0 951.0 2048.0 1013.0 
person 0.987689614296 2317.0 959.0 2365.0 1052.0 
person 0.97741484642 2582.0 959.0 2630.0 1063.0 
person 0.975887298584 639.0 956.0 686.0 1084.0 
person 0.972464025021 1671.0 960.0 1699.0 1016.0 
person 0.954602003098 855.0 955.0 881.0 1032.0 
person 0.953963339329 965.0 958.0 985.0 1005.0 
person 0.943481266499 574.0 951.0 614.0 1065.0 
person 0.849149525166 2536.0 971.0 2593.0 1057.0 
person 0.791860938072 413.0 948.0 429.0 998.0 
person 0.704445064068 196.0 949.0 206.0 977.0 
person 0.502891242504 186.0 947.0 197.0 978.0 
person 0.501415014267 180.0 950.0 191.0 979.0 
person 0.341899126768 418.0 950.0 431.0 996.0 
person 0.337859302759 202.0 948.0 213.0 977.0 
