person 0.998623728752 672.0 975.0 760.0 1220.0 
person 0.994036316872 2322.0 953.0 2377.0 1051.0 
person 0.990749895573 2567.0 957.0 2628.0 1067.0 
person 0.987559497356 2024.0 950.0 2048.0 1012.0 
person 0.974586129189 644.0 955.0 686.0 1082.0 
person 0.965345025063 573.0 951.0 615.0 1068.0 
person 0.952022790909 1667.0 966.0 1695.0 1020.0 
person 0.939001142979 844.0 954.0 881.0 1032.0 
person 0.907307446003 960.0 956.0 984.0 1007.0 
person 0.717645168304 414.0 951.0 430.0 998.0 
person 0.688534915447 197.0 951.0 207.0 978.0 
person 0.656534254551 180.0 949.0 191.0 981.0 
person 0.604984104633 184.0 947.0 195.0 979.0 
person 0.544479548931 189.0 948.0 200.0 980.0 
person 0.339233100414 206.0 949.0 216.0 978.0 
