person 0.998623013496 673.0 972.0 758.0 1224.0 
person 0.993759691715 2324.0 952.0 2377.0 1050.0 
person 0.986881911755 2025.0 951.0 2048.0 1013.0 
person 0.986724078655 2566.0 956.0 2629.0 1070.0 
person 0.974896013737 573.0 952.0 614.0 1067.0 
person 0.97071313858 644.0 957.0 687.0 1082.0 
person 0.953749239445 1665.0 965.0 1696.0 1021.0 
person 0.930943787098 844.0 954.0 878.0 1032.0 
person 0.910426616669 958.0 957.0 981.0 1008.0 
person 0.650089502335 414.0 951.0 430.0 998.0 
person 0.603664398193 181.0 949.0 191.0 979.0 
person 0.596731007099 197.0 951.0 206.0 977.0 
person 0.520235776901 185.0 948.0 195.0 978.0 
person 0.471069931984 191.0 948.0 200.0 979.0 
person 0.356983304024 206.0 948.0 214.0 976.0 
