person 0.998411774635 671.0 973.0 759.0 1226.0 
person 0.992025792599 2562.0 956.0 2625.0 1074.0 
person 0.991486132145 2327.0 953.0 2378.0 1051.0 
person 0.986924290657 2024.0 951.0 2047.0 1012.0 
person 0.980677902699 573.0 952.0 612.0 1066.0 
person 0.97468328476 842.0 952.0 878.0 1032.0 
person 0.964123249054 1664.0 965.0 1689.0 1019.0 
person 0.961977005005 644.0 953.0 686.0 1079.0 
person 0.940611243248 958.0 955.0 982.0 1006.0 
person 0.668944835663 413.0 950.0 430.0 998.0 
person 0.631616353989 182.0 949.0 191.0 980.0 
person 0.572734415531 198.0 951.0 206.0 977.0 
person 0.541971087456 186.0 947.0 196.0 978.0 
person 0.471202105284 191.0 948.0 200.0 978.0 
person 0.40480145812 206.0 949.0 215.0 977.0 
