person 0.998236179352 669.0 972.0 760.0 1230.0 
person 0.993952214718 2561.0 957.0 2628.0 1078.0 
person 0.990490913391 2330.0 958.0 2379.0 1052.0 
person 0.986355721951 2023.0 950.0 2047.0 1012.0 
person 0.973858058453 842.0 955.0 875.0 1031.0 
person 0.973452031612 572.0 952.0 611.0 1064.0 
person 0.967917859554 1663.0 966.0 1687.0 1019.0 
person 0.961690723896 646.0 954.0 688.0 1081.0 
person 0.949392735958 956.0 955.0 980.0 1007.0 
person 0.666749835014 182.0 949.0 191.0 980.0 
person 0.665363609791 413.0 950.0 429.0 998.0 
person 0.622129440308 197.0 948.0 206.0 975.0 
person 0.567012012005 186.0 947.0 196.0 978.0 
person 0.517259895802 192.0 948.0 201.0 978.0 
person 0.375105589628 208.0 949.0 216.0 977.0 
