person 0.994092285633 3557.0 951.0 3609.0 1077.0 
person 0.969490408897 2580.0 949.0 2606.0 1015.0 
person 0.957202732563 1728.0 955.0 1769.0 1001.0 
person 0.957137525082 721.0 950.0 747.0 1037.0 
person 0.956995368004 1484.0 966.0 1515.0 1043.0 
person 0.952054679394 1258.0 953.0 1277.0 993.0 
person 0.95125067234 744.0 957.0 769.0 1038.0 
person 0.945677101612 909.0 960.0 945.0 1097.0 
person 0.933662176132 1938.0 954.0 1962.0 1007.0 
person 0.897420823574 1116.0 955.0 1133.0 1000.0 
person 0.673249363899 461.0 948.0 478.0 997.0 
person 0.586003363132 72.0 946.0 85.0 972.0 
person 0.407494395971 41.0 951.0 46.0 976.0 
person 0.356931447983 1259.0 961.0 1272.0 993.0 
person 0.345277547836 70.0 948.0 79.0 972.0 
