person 0.979790568352 1493.0 958.0 1522.0 1046.0 
person 0.978957772255 3587.0 958.0 3646.0 1079.0 
person 0.962776482105 2582.0 950.0 2609.0 1014.0 
person 0.956658005714 907.0 957.0 938.0 1095.0 
person 0.950024902821 1938.0 953.0 1959.0 1007.0 
person 0.929374217987 710.0 954.0 745.0 1040.0 
person 0.916770815849 1767.0 959.0 1787.0 1000.0 
person 0.906628191471 1113.0 953.0 1129.0 1001.0 
person 0.901751756668 1250.0 952.0 1266.0 994.0 
person 0.776531636715 737.0 952.0 762.0 1039.0 
person 0.746939897537 463.0 946.0 477.0 997.0 
person 0.694352388382 907.0 988.0 931.0 1097.0 
person 0.558838367462 30.0 948.0 39.0 975.0 
person 0.516744017601 35.0 948.0 40.0 975.0 
person 0.485928118229 37.0 947.0 42.0 975.0 
person 0.474307596684 61.0 947.0 72.0 974.0 
person 0.393249034882 33.0 951.0 40.0 976.0 
person 0.367847055197 30.0 951.0 36.0 977.0 
person 0.354230433702 53.0 949.0 59.0 974.0 
person 0.340494185686 907.0 960.0 934.0 1054.0 
