person 0.969454884529 2580.0 949.0 2606.0 1015.0 
person 0.967110157013 1484.0 965.0 1515.0 1043.0 
person 0.965974569321 1729.0 956.0 1768.0 1002.0 
person 0.9576202631 1258.0 953.0 1277.0 993.0 
person 0.956623792648 3560.0 950.0 3608.0 1079.0 
person 0.946416676044 907.0 963.0 942.0 1099.0 
person 0.940003812313 722.0 950.0 749.0 1036.0 
person 0.934333086014 1938.0 955.0 1962.0 1008.0 
person 0.920506477356 745.0 957.0 768.0 1037.0 
person 0.904183626175 1116.0 956.0 1133.0 1001.0 
person 0.682975649834 461.0 948.0 478.0 997.0 
person 0.414911150932 74.0 945.0 86.0 974.0 
person 0.324914783239 47.0 950.0 56.0 975.0 
person 0.311612546444 70.0 948.0 79.0 973.0 
