person 0.973602056503 3559.0 951.0 3606.0 1079.0 
person 0.969457924366 2580.0 949.0 2606.0 1015.0 
person 0.963996708393 1730.0 957.0 1762.0 1000.0 
person 0.962223887444 722.0 950.0 749.0 1037.0 
person 0.961845636368 1483.0 965.0 1514.0 1042.0 
person 0.950926780701 1258.0 952.0 1278.0 993.0 
person 0.942375898361 746.0 956.0 770.0 1037.0 
person 0.939234137535 907.0 962.0 943.0 1099.0 
person 0.934262633324 1938.0 954.0 1961.0 1007.0 
person 0.921544849873 1114.0 954.0 1133.0 1002.0 
person 0.692041933537 461.0 948.0 478.0 996.0 
person 0.642629086971 74.0 945.0 85.0 972.0 
person 0.397232234478 70.0 947.0 79.0 973.0 
person 0.306916296482 48.0 949.0 56.0 976.0 
