person 0.995034456253 3556.0 952.0 3607.0 1077.0 
person 0.969961941242 1483.0 964.0 1515.0 1042.0 
person 0.969098210335 2580.0 949.0 2607.0 1015.0 
person 0.959004044533 722.0 950.0 747.0 1037.0 
person 0.949800431728 747.0 957.0 770.0 1036.0 
person 0.946019232273 1259.0 952.0 1279.0 993.0 
person 0.934490919113 1938.0 954.0 1961.0 1007.0 
person 0.933030724525 907.0 962.0 944.0 1097.0 
person 0.925387620926 1731.0 955.0 1757.0 1000.0 
person 0.902175009251 1115.0 953.0 1133.0 1002.0 
person 0.694483160973 461.0 948.0 478.0 996.0 
person 0.636592388153 74.0 944.0 85.0 973.0 
person 0.351345509291 905.0 999.0 937.0 1099.0 
person 0.320184320211 1729.0 960.0 1748.0 1002.0 
person 0.314555943012 48.0 947.0 56.0 977.0 
