person 0.969222843647 3559.0 951.0 3604.0 1079.0 
person 0.96863424778 2580.0 949.0 2607.0 1015.0 
person 0.958948135376 722.0 950.0 748.0 1038.0 
person 0.956092476845 1481.0 965.0 1515.0 1042.0 
person 0.947786509991 747.0 956.0 771.0 1035.0 
person 0.944672226906 1260.0 953.0 1279.0 993.0 
person 0.936457157135 1729.0 956.0 1755.0 1002.0 
person 0.933153629303 1939.0 955.0 1961.0 1007.0 
person 0.914668917656 909.0 964.0 946.0 1095.0 
person 0.894599437714 1114.0 955.0 1134.0 1003.0 
person 0.726652741432 461.0 948.0 478.0 996.0 
person 0.656569123268 74.0 944.0 85.0 973.0 
person 0.397738039494 49.0 948.0 57.0 977.0 
person 0.362275779247 905.0 1005.0 938.0 1098.0 
person 0.347522169352 756.0 960.0 772.0 1033.0 
