person 0.981724977493 3561.0 951.0 3604.0 1077.0 
person 0.968571603298 2580.0 950.0 2607.0 1016.0 
person 0.950627088547 1480.0 966.0 1507.0 1039.0 
person 0.947065711021 722.0 950.0 748.0 1039.0 
person 0.941670179367 747.0 956.0 772.0 1037.0 
person 0.937985002995 1111.0 956.0 1136.0 1003.0 
person 0.934267878532 912.0 962.0 949.0 1094.0 
person 0.928628742695 1938.0 955.0 1960.0 1008.0 
person 0.87077152729 1725.0 957.0 1749.0 1004.0 
person 0.827860295773 1265.0 953.0 1284.0 992.0 
person 0.762383103371 74.0 945.0 87.0 973.0 
person 0.69955521822 461.0 948.0 478.0 997.0 
person 0.627091526985 908.0 994.0 944.0 1098.0 
person 0.597057580948 756.0 958.0 773.0 1036.0 
person 0.505665719509 50.0 948.0 54.0 976.0 
person 0.492202848196 51.0 948.0 58.0 976.0 
person 0.359362632036 1262.0 957.0 1277.0 993.0 
person 0.313437908888 1271.0 951.0 1286.0 990.0 
person 0.306021124125 45.0 952.0 51.0 977.0 
