person 0.983469665051 3587.0 962.0 3645.0 1078.0 
person 0.98269546032 1493.0 958.0 1522.0 1046.0 
person 0.963418364525 2581.0 950.0 2609.0 1014.0 
person 0.956656813622 907.0 957.0 938.0 1095.0 
person 0.946564912796 1938.0 954.0 1959.0 1007.0 
person 0.94347268343 710.0 955.0 744.0 1040.0 
person 0.935432076454 1765.0 958.0 1787.0 1003.0 
person 0.901835143566 1250.0 952.0 1266.0 994.0 
person 0.884617447853 1114.0 953.0 1129.0 1001.0 
person 0.791817545891 736.0 953.0 762.0 1039.0 
person 0.746939897537 463.0 946.0 477.0 997.0 
person 0.694487512112 907.0 988.0 931.0 1097.0 
person 0.54554527998 31.0 948.0 39.0 975.0 
person 0.54478263855 34.0 948.0 40.0 975.0 
person 0.451508790255 61.0 947.0 72.0 974.0 
person 0.440186321735 37.0 947.0 42.0 975.0 
person 0.375294536352 30.0 951.0 36.0 976.0 
person 0.342028141022 907.0 960.0 934.0 1054.0 
person 0.329652309418 53.0 949.0 59.0 974.0 
person 0.300322771072 727.0 954.0 751.0 1039.0 
