person 0.9670779109 910.0 967.0 955.0 1095.0 
person 0.966976046562 2580.0 950.0 2607.0 1015.0 
person 0.96502995491 1114.0 960.0 1140.0 999.0 
person 0.957540035248 1267.0 952.0 1289.0 993.0 
person 0.954709768295 3568.0 950.0 3600.0 1070.0 
person 0.953156888485 1474.0 956.0 1501.0 1037.0 
person 0.944377064705 1712.0 951.0 1756.0 1005.0 
person 0.931458294392 1938.0 954.0 1960.0 1008.0 
person 0.917606592178 722.0 949.0 746.0 1038.0 
person 0.898998081684 752.0 955.0 778.0 1035.0 
person 0.725276708603 461.0 948.0 478.0 998.0 
person 0.716972470284 75.0 945.0 89.0 973.0 
person 0.581020832062 52.0 949.0 55.0 975.0 
person 0.377467513084 53.0 951.0 60.0 976.0 
