person 0.982386231422 3564.0 951.0 3600.0 1070.0 
person 0.981369018555 751.0 957.0 788.0 1035.0 
person 0.965001642704 2581.0 949.0 2606.0 1014.0 
person 0.952028512955 1936.0 953.0 1958.0 1007.0 
person 0.95146214962 1280.0 951.0 1296.0 992.0 
person 0.92928814888 1466.0 955.0 1488.0 1033.0 
person 0.924516320229 907.0 975.0 957.0 1100.0 
person 0.910791099072 719.0 948.0 744.0 1036.0 
person 0.899515688419 1710.0 954.0 1731.0 1003.0 
person 0.727650702 461.0 948.0 478.0 998.0 
person 0.703408718109 1125.0 962.0 1147.0 999.0 
person 0.694040358067 56.0 947.0 67.0 974.0 
person 0.654472589493 81.0 946.0 90.0 972.0 
person 0.565539956093 56.0 949.0 62.0 975.0 
person 0.382608294487 71.0 947.0 79.0 974.0 
person 0.312408924103 70.0 951.0 76.0 973.0 
