person 0.987765014172 3561.0 950.0 3601.0 1069.0 
person 0.984260618687 751.0 958.0 791.0 1035.0 
person 0.963789522648 2581.0 949.0 2607.0 1015.0 
person 0.958034574986 1935.0 953.0 1957.0 1007.0 
person 0.956828355789 912.0 979.0 958.0 1098.0 
person 0.943880558014 1708.0 953.0 1728.0 1005.0 
person 0.928462207317 1464.0 961.0 1484.0 1036.0 
person 0.923027336597 1281.0 955.0 1299.0 995.0 
person 0.913965046406 718.0 948.0 743.0 1038.0 
person 0.785749554634 1129.0 961.0 1157.0 998.0 
person 0.701887369156 462.0 948.0 478.0 998.0 
person 0.678584456444 55.0 947.0 67.0 973.0 
person 0.587137937546 56.0 949.0 62.0 974.0 
person 0.543195724487 82.0 948.0 90.0 974.0 
person 0.437917083502 70.0 947.0 79.0 973.0 
person 0.40694630146 73.0 945.0 81.0 971.0 
person 0.379704356194 66.0 950.0 75.0 974.0 
person 0.342172831297 57.0 955.0 64.0 975.0 
person 0.305703997612 71.0 951.0 77.0 974.0 
