person 0.993114173412 3559.0 949.0 3601.0 1071.0 
person 0.985398769379 752.0 959.0 791.0 1034.0 
person 0.982049167156 916.0 979.0 964.0 1093.0 
person 0.967210054398 2581.0 949.0 2607.0 1014.0 
person 0.960099160671 1935.0 952.0 1957.0 1008.0 
person 0.95893061161 1707.0 954.0 1725.0 1004.0 
person 0.940741479397 1283.0 955.0 1302.0 995.0 
person 0.922807514668 711.0 948.0 742.0 1042.0 
person 0.90435308218 1458.0 962.0 1483.0 1035.0 
person 0.887598931789 1131.0 960.0 1156.0 999.0 
person 0.729884266853 462.0 948.0 478.0 998.0 
person 0.511070132256 69.0 948.0 79.0 973.0 
person 0.491442143917 82.0 948.0 90.0 972.0 
person 0.47066450119 64.0 950.0 74.0 974.0 
person 0.370291799307 73.0 945.0 82.0 970.0 
person 0.353831917048 57.0 953.0 65.0 976.0 
