person 0.993546187878 3558.0 949.0 3601.0 1070.0 
person 0.988699257374 751.0 958.0 793.0 1035.0 
person 0.975679218769 914.0 973.0 970.0 1090.0 
person 0.967662274837 2581.0 949.0 2607.0 1015.0 
person 0.962072014809 1934.0 951.0 1956.0 1007.0 
person 0.960644245148 1707.0 955.0 1724.0 1005.0 
person 0.946069478989 1131.0 960.0 1157.0 999.0 
person 0.943953692913 710.0 949.0 741.0 1041.0 
person 0.937667489052 1285.0 956.0 1304.0 995.0 
person 0.91105401516 1455.0 961.0 1480.0 1035.0 
person 0.822332978249 462.0 948.0 476.0 999.0 
person 0.753469765186 58.0 946.0 69.0 974.0 
person 0.44861087203 82.0 949.0 91.0 973.0 
person 0.433883786201 67.0 947.0 80.0 974.0 
person 0.419628322124 65.0 950.0 75.0 974.0 
person 0.370056957006 465.0 948.0 480.0 999.0 
