person 0.99529761076 3557.0 949.0 3600.0 1071.0 
person 0.988970637321 920.0 965.0 978.0 1089.0 
person 0.987956821918 752.0 959.0 796.0 1035.0 
person 0.971778869629 1450.0 963.0 1480.0 1034.0 
person 0.969914495945 2581.0 949.0 2607.0 1015.0 
person 0.949605822563 1132.0 961.0 1161.0 999.0 
person 0.949102282524 1934.0 952.0 1955.0 1009.0 
person 0.948330044746 709.0 949.0 741.0 1041.0 
person 0.945734679699 1706.0 954.0 1722.0 1004.0 
person 0.843571484089 461.0 948.0 477.0 998.0 
person 0.835346400738 1289.0 957.0 1307.0 995.0 
person 0.768443465233 1285.0 960.0 1302.0 995.0 
person 0.65855050087 59.0 946.0 68.0 974.0 
person 0.52992606163 85.0 948.0 92.0 972.0 
person 0.529263317585 59.0 948.0 64.0 975.0 
person 0.506841719151 1703.0 956.0 1718.0 1002.0 
person 0.394797742367 71.0 947.0 79.0 973.0 
person 0.311084151268 1141.0 964.0 1160.0 996.0 
