person 0.992563903332 3557.0 945.0 3602.0 1071.0 
person 0.986693203449 752.0 959.0 797.0 1035.0 
person 0.975677967072 919.0 975.0 977.0 1087.0 
person 0.975645303726 1449.0 964.0 1478.0 1035.0 
person 0.967082858086 2581.0 949.0 2607.0 1014.0 
person 0.949609816074 1934.0 951.0 1954.0 1009.0 
person 0.946550309658 1705.0 955.0 1721.0 1004.0 
person 0.945284962654 710.0 949.0 741.0 1040.0 
person 0.922916650772 1290.0 956.0 1307.0 995.0 
person 0.9154073596 1134.0 961.0 1163.0 999.0 
person 0.838374972343 461.0 948.0 476.0 998.0 
person 0.75096142292 1287.0 959.0 1303.0 995.0 
person 0.641095519066 59.0 947.0 67.0 974.0 
person 0.584067761898 85.0 949.0 92.0 972.0 
person 0.491501957178 59.0 950.0 64.0 975.0 
person 0.396273463964 465.0 948.0 480.0 998.0 
person 0.358781129122 72.0 947.0 79.0 974.0 
person 0.342411994934 88.0 947.0 98.0 974.0 
