person 0.994556427002 919.0 963.0 980.0 1087.0 
person 0.98998862505 3557.0 946.0 3601.0 1070.0 
person 0.979899823666 1448.0 966.0 1477.0 1035.0 
person 0.974757254124 751.0 958.0 798.0 1037.0 
person 0.967603743076 2581.0 949.0 2607.0 1015.0 
person 0.945309996605 1704.0 954.0 1720.0 1005.0 
person 0.93627423048 709.0 949.0 739.0 1040.0 
person 0.932519495487 1932.0 952.0 1951.0 1009.0 
person 0.907213151455 1290.0 958.0 1304.0 994.0 
person 0.888657152653 1136.0 959.0 1167.0 998.0 
person 0.822000265121 462.0 948.0 477.0 998.0 
person 0.641867995262 59.0 948.0 67.0 975.0 
person 0.563190221786 84.0 948.0 91.0 972.0 
person 0.521757483482 59.0 950.0 64.0 975.0 
person 0.394482523203 88.0 948.0 98.0 974.0 
person 0.373238652945 71.0 948.0 79.0 974.0 
person 0.337515801191 1294.0 956.0 1309.0 994.0 
