person 0.985446333885 1493.0 958.0 1522.0 1046.0 
person 0.979778647423 3587.0 971.0 3646.0 1078.0 
person 0.957753241062 2581.0 951.0 2607.0 1015.0 
person 0.952534019947 907.0 957.0 938.0 1096.0 
person 0.947161078453 1938.0 954.0 1960.0 1008.0 
person 0.945439338684 710.0 955.0 747.0 1042.0 
person 0.908965170383 1766.0 960.0 1787.0 1003.0 
person 0.897650659084 1113.0 953.0 1129.0 1001.0 
person 0.891559541225 1250.0 952.0 1267.0 994.0 
person 0.790971040726 463.0 946.0 477.0 997.0 
person 0.753204345703 906.0 990.0 930.0 1097.0 
person 0.733513057232 738.0 955.0 762.0 1039.0 
person 0.610492646694 35.0 948.0 41.0 976.0 
person 0.582111120224 30.0 947.0 39.0 975.0 
person 0.549512028694 39.0 947.0 43.0 975.0 
person 0.444833815098 63.0 946.0 73.0 973.0 
person 0.361578017473 31.0 951.0 37.0 977.0 
person 0.347283363342 907.0 959.0 934.0 1050.0 
person 0.34040287137 1255.0 950.0 1271.0 993.0 
person 0.333227574825 53.0 949.0 59.0 974.0 
