person 0.997609853745 920.0 959.0 982.0 1085.0 
person 0.994828283787 3557.0 948.0 3601.0 1071.0 
person 0.983807742596 752.0 959.0 802.0 1036.0 
person 0.96883559227 1446.0 966.0 1476.0 1035.0 
person 0.96867865324 2581.0 949.0 2607.0 1015.0 
person 0.95581060648 1702.0 954.0 1720.0 1004.0 
person 0.937852144241 710.0 949.0 740.0 1040.0 
person 0.935627222061 1932.0 953.0 1951.0 1008.0 
person 0.909729063511 1147.0 958.0 1172.0 996.0 
person 0.906490325928 1291.0 958.0 1304.0 993.0 
person 0.820990920067 462.0 948.0 477.0 997.0 
person 0.723553061485 1293.0 957.0 1310.0 994.0 
person 0.623829424381 84.0 948.0 91.0 973.0 
person 0.618050992489 59.0 947.0 68.0 975.0 
person 0.522332727909 58.0 949.0 64.0 975.0 
person 0.487085610628 87.0 948.0 98.0 974.0 
person 0.416384845972 70.0 948.0 78.0 974.0 
