person 0.997502982616 920.0 958.0 986.0 1084.0 
person 0.995042324066 3558.0 949.0 3601.0 1070.0 
person 0.977407336235 757.0 960.0 802.0 1034.0 
person 0.970437347889 1445.0 965.0 1477.0 1035.0 
person 0.969656944275 2581.0 949.0 2607.0 1014.0 
person 0.959741473198 1701.0 955.0 1720.0 1004.0 
person 0.958746612072 1931.0 953.0 1949.0 1008.0 
person 0.93970823288 1293.0 956.0 1310.0 995.0 
person 0.934568881989 1151.0 951.0 1177.0 996.0 
person 0.920868873596 710.0 949.0 740.0 1039.0 
person 0.835453152657 462.0 948.0 477.0 997.0 
person 0.605472207069 87.0 949.0 99.0 974.0 
person 0.585093677044 61.0 945.0 69.0 975.0 
person 0.559566438198 60.0 947.0 65.0 976.0 
person 0.558712661266 83.0 948.0 91.0 973.0 
person 0.428311049938 70.0 947.0 78.0 974.0 
person 0.428055167198 1149.0 960.0 1171.0 1000.0 
person 0.325924992561 62.0 952.0 68.0 977.0 
