person 0.995845019817 920.0 960.0 986.0 1084.0 
person 0.99337464571 3556.0 949.0 3601.0 1070.0 
person 0.97223263979 2581.0 949.0 2608.0 1015.0 
person 0.96916526556 1444.0 966.0 1477.0 1034.0 
person 0.965426802635 759.0 960.0 802.0 1034.0 
person 0.961452066898 1931.0 954.0 1950.0 1009.0 
person 0.960471570492 1700.0 954.0 1720.0 1004.0 
person 0.943505346775 1294.0 955.0 1310.0 994.0 
person 0.90969824791 709.0 953.0 737.0 1041.0 
person 0.877479255199 1153.0 949.0 1178.0 996.0 
person 0.833603680134 462.0 948.0 476.0 998.0 
person 0.614700555801 87.0 948.0 99.0 974.0 
person 0.599584043026 61.0 946.0 69.0 975.0 
person 0.593173861504 60.0 947.0 65.0 975.0 
person 0.520513117313 83.0 948.0 90.0 973.0 
person 0.497224479914 69.0 946.0 77.0 974.0 
person 0.485694468021 717.0 945.0 743.0 1042.0 
person 0.320050120354 62.0 952.0 68.0 977.0 
