person 0.994759500027 922.0 958.0 987.0 1081.0 
person 0.987512767315 3555.0 948.0 3604.0 1070.0 
person 0.973888814449 2582.0 949.0 2608.0 1015.0 
person 0.965108931065 769.0 961.0 806.0 1035.0 
person 0.961902141571 1697.0 955.0 1720.0 1006.0 
person 0.960257053375 1441.0 963.0 1474.0 1033.0 
person 0.958931803703 1295.0 953.0 1312.0 996.0 
person 0.948768079281 1931.0 954.0 1949.0 1009.0 
person 0.935989439487 709.0 953.0 738.0 1044.0 
person 0.853017032146 1156.0 961.0 1179.0 996.0 
person 0.811120569706 463.0 949.0 476.0 998.0 
person 0.765386462212 88.0 947.0 100.0 973.0 
person 0.640281617641 59.0 945.0 68.0 975.0 
person 0.541079998016 59.0 947.0 65.0 976.0 
person 0.457215696573 716.0 945.0 744.0 1045.0 
person 0.356722325087 466.0 948.0 480.0 998.0 
person 0.333599865437 83.0 949.0 92.0 974.0 
