person 0.985785424709 3556.0 949.0 3605.0 1070.0 
person 0.985132813454 924.0 968.0 984.0 1079.0 
person 0.974509835243 770.0 960.0 810.0 1036.0 
person 0.973802089691 2582.0 950.0 2608.0 1015.0 
person 0.962925672531 1697.0 956.0 1721.0 1007.0 
person 0.96135944128 1440.0 963.0 1473.0 1032.0 
person 0.956635653973 1296.0 953.0 1312.0 995.0 
person 0.948428034782 1930.0 954.0 1949.0 1008.0 
person 0.937162697315 709.0 951.0 740.0 1044.0 
person 0.783143937588 463.0 949.0 476.0 998.0 
person 0.778054356575 87.0 947.0 100.0 973.0 
person 0.76234382391 1156.0 959.0 1182.0 999.0 
person 0.628489375114 59.0 946.0 68.0 976.0 
person 0.510562360287 58.0 948.0 64.0 976.0 
person 0.396498471498 67.0 947.0 75.0 975.0 
