person 0.983904480934 3556.0 951.0 3607.0 1070.0 
person 0.981281995773 776.0 960.0 813.0 1033.0 
person 0.973613500595 2582.0 950.0 2608.0 1015.0 
person 0.972429990768 929.0 987.0 982.0 1079.0 
person 0.968738257885 1696.0 955.0 1720.0 1007.0 
person 0.960907578468 1929.0 953.0 1949.0 1009.0 
person 0.96055495739 709.0 951.0 741.0 1044.0 
person 0.959229111671 1296.0 952.0 1313.0 995.0 
person 0.945994257927 1439.0 962.0 1469.0 1030.0 
person 0.909780681133 1156.0 962.0 1186.0 997.0 
person 0.769878864288 463.0 949.0 476.0 998.0 
person 0.750846922398 88.0 947.0 100.0 974.0 
person 0.670956194401 58.0 947.0 67.0 975.0 
person 0.482692539692 58.0 949.0 64.0 976.0 
person 0.38127964735 68.0 947.0 76.0 974.0 
