person 0.99684402 1697 954 1723 1008 
person 0.98369049 1929 954 1951 1005 
person 0.97678665 1443 961 1473 1033 
person 0.99782715 2584 948 2609 1021 
person 0.99880478 3547 944 3600 1075 
person 0.92627731 63 949 72 976 
person 0.92549866 468 948 478 995 
person 0.85255859 77 949 87 974 
person 0.77884537 92 947 104 973 
person 0.98323097 720 950 748 1041 
person 0.98007149 788 959 820 1035 
person 0.97981033 942 969 1001 1084 
person 0.97635185 1302 953 1317 996 
person 0.91120682 1164 961 1194 1000 
