person 0.99680405 1697 954 1723 1008 
person 0.98395424 1929 954 1951 1008 
person 0.96070633 1442 961 1467 1033 
person 0.99799088 2584 948 2609 1021 
person 0.99873642 3549 944 3598 1075 
person 0.93237946 468 948 478 995 
person 0.91382256 63 949 72 976 
person 0.82944763 77 949 87 974 
person 0.70110588 94 947 104 973 
person 0.98680908 788 959 818 1037 
person 0.98377953 720 950 748 1041 
person 0.97592606 1302 953 1317 994 
person 0.9702227 945 969 1001 1084 
person 0.96769318 1166 959 1198 1000 
