person 0.99620148 1695 957 1719 1007 
person 0.98478439 1926 954 1951 1008 
person 0.95206108 1439 949 1462 1032 
person 0.99804512 2584 948 2609 1021 
person 0.99869827 3551 942 3598 1073 
person 0.92629326 468 948 478 995 
person 0.88734909 63 949 75 974 
person 0.76411613 77 949 89 973 
person 0.58370358 94 947 104 973 
person 0.99579987 792 959 822 1035 
person 0.9889122 954 952 1013 1081 
person 0.97814262 720 950 750 1041 
person 0.97333458 1304 953 1319 994 
person 0.79493324 1177 961 1204 999 
