person 0.99540314 1695 957 1717 1007 
person 0.98560402 1926 954 1953 1008 
person 0.93890846 1439 952 1462 1032 
person 0.99812561 2584 948 2609 1021 
person 0.99840637 3551 942 3598 1073 
person 0.92623703 468 948 478 995 
person 0.88957512 63 949 75 974 
person 0.79859665 77 949 89 973 
person 0.60463768 94 947 104 973 
person 0.9965287 792 959 825 1035 
person 0.99327126 954 952 1015 1079 
person 0.97803703 720 950 750 1041 
person 0.9553997 1305 953 1319 994 
person 0.82808762 1179 961 1206 999 
