person 0.99423355 1695 954 1714 1007 
person 0.98709663 1926 954 1951 1008 
person 0.96018692 1439 952 1459 1034 
person 0.99810471 2584 948 2609 1021 
person 0.99793655 3551 937 3593 1072 
person 0.92188782 468 948 478 995 
person 0.86264542 65 949 77 974 
person 0.78120201 80 949 89 973 
person 0.6461544 94 945 104 973 
person 0.99644157 792 959 829 1033 
person 0.99627472 957 949 1018 1084 
person 0.9843161 716 950 755 1042 
person 0.97070198 1307 951 1322 993 
person 0.78451447 1185 968 1206 995 
