person 0.98860458 1926 954 1951 1008 
person 0.97504745 1693 954 1712 1007 
person 0.99806404 2584 948 2611 1021 
person 0.99726395 3553 939 3589 1072 
person 0.92563507 468 948 478 995 
person 0.88992981 65 949 77 974 
person 0.88328972 80 949 92 973 
person 0.70230057 94 947 106 973 
person 0.99330673 967 952 1020 1074 
person 0.98416672 716 950 757 1042 
person 0.98159752 788 957 839 1038 
person 0.97885063 1309 951 1326 993 
person 0.85036797 1429 966 1438 1028 
person 0.67653679 1198 966 1215 992 
person 0.50769173 479 940 483 1008 
