person 0.98890411 1926 954 1951 1008 
person 0.97324318 1693 954 1712 1007 
person 0.99803139 2584 948 2611 1021 
person 0.99715157 3555 939 3589 1072 
person 0.92497238 468 948 478 995 
person 0.89315872 65 949 77 974 
person 0.88437981 80 949 92 973 
person 0.71104736 94 947 106 973 
person 0.99292305 967 952 1020 1074 
person 0.98322586 716 950 757 1042 
person 0.98087082 1309 951 1324 993 
person 0.98068909 790 957 839 1038 
person 0.85580002 1429 966 1438 1028 
person 0.72296181 1192 961 1219 999 
person 0.50400745 479 940 483 1008 
