person 0.99622421 1684 957 1708 1007 
person 0.96809105 1926 954 1946 1008 
person 0.99754387 2586 948 2611 1021 
person 0.99216515 3555 944 3593 1068 
person 0.92687706 68 949 77 974 
person 0.916007 82 949 94 973 
person 0.87978157 469 948 478 995 
person 0.84448418 99 947 111 976 
person 0.9952002 979 957 1023 1070 
person 0.99114319 1312 949 1329 995 
person 0.99033791 813 954 843 1033 
person 0.97645012 731 952 759 1039 
person 0.72882988 1420 964 1437 1028 
person 0.6670356 1210 957 1239 996 
person 0.52681969 479 943 483 987 
