person 0.99590714 1684 957 1708 1007 
person 0.96213715 1924 954 1946 1008 
person 0.99746536 2586 948 2611 1019 
person 0.99436531 3555 946 3598 1066 
person 0.92377945 68 949 80 976 
person 0.9218116 82 947 94 973 
person 0.86996613 469 948 478 995 
person 0.83611809 99 947 111 976 
person 0.99530212 984 957 1030 1072 
person 0.99018364 822 954 846 1031 
person 0.98779839 733 954 759 1039 
person 0.98075745 1314 949 1331 995 
person 0.90840279 1418 968 1437 1025 
person 0.85880623 1223 959 1244 1000 
person 0.53571247 479 943 483 987 
