person 0.99580177 1684 957 1706 1007 
person 0.95685066 1924 954 1946 1008 
person 0.99775574 2586 948 2611 1019 
person 0.9939476 3557 946 3600 1064 
person 0.92450928 68 949 80 976 
person 0.91956192 84 949 94 973 
person 0.86191536 469 948 478 997 
person 0.83812523 99 947 111 976 
person 0.99413338 984 957 1030 1069 
person 0.98909584 822 954 846 1031 
person 0.98694283 731 952 759 1042 
person 0.98056587 1314 949 1331 995 
person 0.92734612 1223 957 1246 1000 
person 0.90823196 1414 950 1438 1026 
person 0.52984573 479 943 483 987 
