person 0.99274597 1682 957 1706 1005 
person 0.94823174 1924 954 1946 1008 
person 0.9979628 2586 948 2611 1021 
person 0.99417183 3557 946 3600 1064 
person 0.91896904 68 949 80 974 
person 0.91682968 84 949 94 973 
person 0.85562538 469 948 478 997 
person 0.83541664 99 947 111 976 
person 0.99515442 825 954 848 1031 
person 0.99389992 735 952 761 1040 
person 0.99129509 989 954 1032 1069 
person 0.96292557 1317 951 1334 995 
person 0.93177078 1412 952 1437 1025 
person 0.85329498 1233 963 1248 998 
person 0.51550014 479 943 483 987 
