person 0.99123039 1682 957 1704 1005 
person 0.93535072 1924 954 1946 1008 
person 0.99802162 2586 948 2611 1023 
person 0.99509399 3557 946 3604 1064 
person 0.92132965 84 949 94 973 
person 0.91563927 68 949 80 974 
person 0.86111298 469 948 478 995 
person 0.83855148 99 947 111 976 
person 0.9921656 735 952 763 1040 
person 0.9917337 827 954 848 1031 
person 0.98161629 991 957 1032 1067 
person 0.97714714 1317 951 1336 995 
person 0.86400375 1235 957 1256 998 
person 0.8536821 1414 968 1434 1025 
person 0.50135498 479 943 483 987 
