person 0.99054512 1680 957 1701 1005 
person 0.92778816 1924 954 1946 1008 
person 0.99740181 2586 948 2611 1023 
person 0.99640282 3557 946 3602 1066 
person 0.85973015 82 949 92 973 
person 0.83590866 70 949 82 976 
person 0.83038925 469 948 478 997 
person 0.7770636 99 947 111 976 
person 0.99533615 1319 951 1339 997 
person 0.99520744 740 952 770 1042 
person 0.99030884 834 952 853 1033 
person 0.95258667 993 959 1039 1067 
person 0.93384087 1244 957 1269 995 
person 0.86814255 1407 959 1433 1022 
person 0.50956768 479 945 483 985 
