person 0.98863785 1678 957 1701 1007 
person 0.9122963 1924 954 1946 1008 
person 0.99747162 2586 948 2611 1023 
person 0.99766663 3555 946 3600 1066 
person 0.841633 80 949 92 973 
person 0.76645012 469 948 478 997 
person 0.69054237 99 947 108 973 
person 0.99627365 834 954 865 1031 
person 0.9957328 1319 953 1341 997 
person 0.99363914 735 954 781 1040 
person 0.98100075 1010 959 1042 1064 
person 0.98078583 1408 968 1430 1022 
person 0.82856247 1258 955 1282 997 
person 0.50133835 479 942 484 1006 
