person 0.98740974 1678 957 1701 1007 
person 0.91916435 1924 954 1946 1008 
person 0.99752945 2584 948 2611 1023 
person 0.99793335 3555 946 3600 1069 
person 0.87118134 80 949 92 973 
person 0.78792778 106 947 115 976 
person 0.75972168 469 948 478 997 
person 0.73406998 96 949 106 973 
person 0.9956218 836 954 865 1033 
person 0.99507019 735 957 783 1041 
person 0.99484329 1321 955 1342 997 
person 0.98804161 1408 959 1430 1022 
person 0.98030838 1008 957 1049 1062 
person 0.87403717 1260 955 1286 997 
