person 0.98176964 1676 959 1697 1007 
person 0.91918404 1924 954 1946 1008 
person 0.99751266 2584 946 2611 1023 
person 0.99845871 3555 946 3598 1066 
person 0.91724823 77 949 89 973 
person 0.84846764 108 947 118 976 
person 0.82333069 94 949 104 973 
person 0.81135468 469 948 478 997 
person 0.99582497 839 957 865 1033 
person 0.99562874 737 957 788 1041 
person 0.99539772 1321 955 1344 995 
person 0.99395401 1008 959 1051 1062 
person 0.98169594 1408 961 1428 1022 
person 0.91036301 1262 959 1288 997 
