person 0.97839546 1676 959 1697 1007 
person 0.92021713 1926 954 1946 1008 
person 0.9978183 2584 946 2611 1023 
person 0.99860039 3557 946 3596 1066 
person 0.89125992 77 949 89 973 
person 0.86804703 469 948 478 997 
person 0.85236458 108 947 118 976 
person 0.80559662 94 949 104 973 
person 0.99528107 839 959 865 1033 
person 0.99453735 1322 955 1344 995 
person 0.99446571 737 959 788 1041 
person 0.99423431 1010 957 1054 1062 
person 0.98199471 1407 959 1428 1022 
person 0.92501335 1271 957 1291 997 
