person 0.97412018 1674 959 1695 1007 
person 0.92814224 1926 954 1946 1008 
person 0.9986541 2584 946 2611 1025 
person 0.99860718 3555 948 3596 1064 
person 0.92462296 77 949 89 973 
person 0.86071106 108 947 118 973 
person 0.82181725 469 948 478 997 
person 0.80510849 94 949 104 973 
person 0.99660728 737 959 790 1041 
person 0.99655014 839 959 867 1031 
person 0.98729576 1321 955 1347 998 
person 0.98531967 1018 957 1059 1064 
person 0.97555885 1407 959 1428 1019 
person 0.90802834 1279 955 1297 998 
