person 0.97658005 1674 959 1695 1007 
person 0.92697922 1926 954 1946 1008 
person 0.99872589 2584 946 2611 1025 
person 0.9985968 3555 948 3596 1064 
person 0.92427994 77 949 89 973 
person 0.85867622 108 947 118 973 
person 0.8259137 469 948 478 997 
person 0.80164246 94 949 104 973 
person 0.99662033 737 959 790 1038 
person 0.99643661 839 959 867 1031 
person 0.98648827 1326 955 1348 998 
person 0.98302094 1018 957 1059 1064 
person 0.97634476 1407 957 1428 1019 
person 0.90601929 1279 955 1297 998 
person 0.51627655 479 942 484 1004 
