person 0.97447701 1674 959 1695 1005 
person 0.93704155 1926 954 1946 1008 
person 0.99876419 2584 946 2611 1023 
person 0.99854347 3555 948 3593 1064 
person 0.91461166 80 949 89 973 
person 0.85516006 108 947 120 973 
person 0.80564842 469 948 478 997 
person 0.78542725 94 949 106 973 
person 0.99708801 737 957 790 1038 
person 0.99626228 839 959 867 1031 
person 0.99474892 1018 952 1061 1064 
person 0.98888924 1326 955 1350 998 
person 0.97666519 1284 957 1304 1000 
person 0.96731583 1404 955 1430 1017 
person 0.5297625 479 942 484 1004 
