person 0.97180389 1674 955 1695 1005 
person 0.94748512 1924 954 1946 1008 
person 0.99866188 2584 948 2611 1023 
person 0.99828941 3553 948 3593 1062 
person 0.93175056 80 949 89 973 
person 0.89222054 108 947 120 973 
person 0.85044891 469 948 478 995 
person 0.74146187 96 949 106 973 
person 0.99671021 742 954 792 1039 
person 0.99579933 841 959 867 1031 
person 0.98949097 1288 957 1312 996 
person 0.98694733 1327 955 1353 996 
person 0.98356026 1403 955 1430 1017 
person 0.96926102 1020 952 1061 1059 
person 0.5790662 479 942 483 1004 
