person 0.97348663 1674 955 1695 1005 
person 0.94672707 1924 954 1946 1008 
person 0.99864418 2584 948 2611 1023 
person 0.99848419 3553 948 3593 1062 
person 0.93538017 80 949 92 973 
person 0.89267479 108 947 120 973 
person 0.85611618 469 948 478 995 
person 0.79665619 96 949 106 973 
person 0.99745934 744 954 792 1039 
person 0.99556259 841 959 867 1031 
person 0.9828801 1288 957 1312 996 
person 0.98139671 1402 957 1430 1017 
person 0.98056297 1327 955 1353 996 
person 0.98012405 1023 952 1061 1059 
person 0.5840184 479 942 483 1004 
