person 0.97742752 1674 955 1695 1005 
person 0.93514862 1926 952 1946 1008 
person 0.99829964 2586 948 2611 1023 
person 0.99887535 3551 946 3593 1062 
person 0.95610222 82 949 92 973 
person 0.9046875 468 948 478 995 
person 0.89234184 111 947 122 973 
person 0.81340637 99 949 108 973 
person 0.99605919 841 959 867 1031 
person 0.99495438 1331 957 1356 998 
person 0.98390488 1400 957 1430 1017 
person 0.98184364 1298 961 1322 999 
person 0.96699242 1032 954 1061 1048 
person 0.9491674 752 952 795 1034 
person 0.50153057 479 942 483 1004 
