person 0.97597244 1674 955 1695 1005 
person 0.93262016 1926 954 1946 1008 
person 0.99827324 2586 948 2611 1023 
person 0.99874016 3549 946 3593 1062 
person 0.95408371 82 949 92 973 
person 0.90599838 468 948 478 995 
person 0.87325607 111 947 122 973 
person 0.86022972 99 949 108 973 
person 0.99476593 841 959 867 1031 
person 0.99281525 1332 959 1358 998 
person 0.98826088 1300 961 1324 997 
person 0.98761734 1400 957 1430 1017 
person 0.98577698 1032 954 1063 1045 
person 0.95579079 761 954 792 1034 
person 0.5352602 479 943 483 987 
