person 0.97615768 1674 955 1695 1005 
person 0.93842178 1926 954 1946 1008 
person 0.99849197 2586 948 2611 1023 
person 0.99882904 3547 946 3593 1062 
person 0.9523703 82 949 92 973 
person 0.90987762 468 948 478 995 
person 0.883134 111 947 122 973 
person 0.84011032 99 949 108 973 
person 0.99518219 841 959 865 1031 
person 0.9898156 1037 954 1066 1050 
person 0.98379417 1339 959 1358 1000 
person 0.98351219 1304 961 1326 1001 
person 0.98251648 766 954 792 1034 
person 0.96539238 1402 957 1429 1017 
person 0.53411476 479 943 483 987 
