person 0.9771991 1674 955 1695 1005 
person 0.95280342 1926 954 1946 1008 
person 0.99860695 2586 948 2611 1023 
person 0.99822983 3547 948 3593 1062 
person 0.95052452 82 949 94 973 
person 0.91458694 468 948 478 995 
person 0.86638412 113 947 122 973 
person 0.86396408 99 949 108 973 
person 0.99707535 839 959 865 1033 
person 0.98658379 770 952 795 1036 
person 0.9831134 1037 957 1066 1047 
person 0.98245361 1341 959 1359 998 
person 0.98101494 1406 961 1429 1017 
person 0.97188484 1309 961 1327 999 
person 0.50196194 479 943 483 987 
