person 0.97120575 1674 957 1695 1005 
person 0.96838272 1926 954 1946 1008 
person 0.99836777 2586 948 2611 1023 
person 0.99863487 3542 950 3589 1063 
person 0.95378067 82 949 94 976 
person 0.93363182 468 950 478 995 
person 0.89132782 99 949 111 973 
person 0.88501945 113 947 125 976 
person 0.99303276 839 957 865 1031 
person 0.98852356 1407 963 1429 1017 
person 0.97438553 1341 957 1361 998 
person 0.969533 1311 959 1332 999 
person 0.96458832 1039 957 1070 1045 
person 0.9342514 774 952 795 1039 
