person 0.97046188 1676 957 1697 1005 
person 0.96898323 1926 952 1946 1008 
person 0.99766212 2586 948 2611 1023 
person 0.99936325 3540 950 3589 1063 
person 0.95110474 84 949 94 976 
person 0.93464157 468 950 478 995 
person 0.92610657 99 949 111 976 
person 0.91941612 113 947 125 976 
person 0.99286392 839 957 862 1033 
person 0.99007248 1042 954 1070 1047 
person 0.9890802 1312 957 1341 1001 
person 0.97883194 1407 963 1432 1015 
person 0.97763565 777 952 802 1037 
person 0.96666458 1342 959 1364 997 
