person 0.97551666 1676 957 1697 1005 
person 0.97180672 1926 952 1946 1008 
person 0.99683365 2584 948 2611 1023 
person 0.99939697 3540 950 3587 1063 
person 0.94399292 84 949 94 976 
person 0.93334213 468 950 478 995 
person 0.92973732 99 949 111 976 
person 0.91955475 113 947 125 976 
person 0.99419937 1042 954 1073 1050 
person 0.99269348 839 957 862 1031 
person 0.98963219 1312 957 1341 1001 
person 0.96590691 777 950 802 1037 
person 0.95080032 1407 961 1432 1017 
person 0.9375309 1342 957 1364 997 
