person 0.98570625 1676 957 1704 1007 
person 0.97741943 1926 952 1948 1008 
person 0.99754364 2582 950 2611 1025 
person 0.99920532 3538 950 3585 1063 
person 0.94598633 468 950 478 995 
person 0.91298187 115 947 127 976 
person 0.91029671 99 949 111 973 
person 0.90828552 84 949 96 976 
person 0.99581886 836 952 862 1033 
person 0.98424103 1042 957 1075 1047 
person 0.97651161 779 954 804 1037 
person 0.9636834 1317 955 1342 999 
person 0.93907318 1344 957 1367 997 
person 0.9367524 1404 961 1435 1014 
