person 0.99100929 1676 957 1704 1007 
person 0.98495384 1926 954 1948 1008 
person 0.99621353 2582 953 2611 1025 
person 0.99883209 3538 953 3585 1063 
person 0.95323959 467 948 478 995 
person 0.9131002 115 947 125 976 
person 0.9068689 84 949 96 973 
person 0.90673294 99 949 111 973 
person 0.99527512 1042 954 1087 1054 
person 0.99011032 832 949 858 1033 
person 0.98812881 779 959 811 1039 
person 0.97284492 1347 957 1370 1001 
person 0.96931786 1404 972 1437 1018 
person 0.95246712 1321 959 1344 998 
