person 0.99339767 1676 959 1704 1007 
person 0.98508713 1926 954 1948 1008 
person 0.9952552 2580 953 2611 1025 
person 0.9987352 3538 955 3583 1063 
person 0.9527166 467 948 478 995 
person 0.90525345 115 947 127 976 
person 0.8991777 87 949 96 973 
person 0.87974907 99 949 111 973 
person 0.99559563 1042 957 1089 1051 
person 0.99283249 781 959 813 1039 
person 0.99096733 832 949 858 1033 
person 0.98297569 1347 957 1370 1001 
person 0.9499649 1407 972 1438 1021 
person 0.94937683 1322 959 1345 998 
