person 0.99349289 1678 961 1704 1007 
person 0.984758 1926 954 1951 1008 
person 0.9934584 2578 953 2609 1025 
person 0.99884178 3536 953 3583 1063 
person 0.96155685 467 948 478 995 
person 0.89944878 87 949 96 973 
person 0.88219566 113 947 125 976 
person 0.85956329 99 949 108 973 
person 0.99436722 1044 957 1089 1051 
person 0.99395142 832 949 858 1033 
person 0.9929866 783 961 811 1037 
person 0.98555336 1347 957 1370 1001 
person 0.93294647 1407 972 1438 1019 
person 0.92239609 1322 959 1345 998 
