person 0.99650589 1992 952 2018 1012 
person 0.98149696 1808 959 1834 1029 
person 0.94174461 1750 961 1782 1037 
person 0.99912224 3088 952 3179 1068 
person 0.99622047 2578 955 2605 1010 
person 0.975364 447 944 464 998 
person 0.89993835 159 947 169 975 
person 0.87036827 143 949 155 976 
person 0.52607388 134 949 143 976 
person 0.99843765 550 959 588 1080 
person 0.99635437 874 959 932 1077 
person 0.9958699 653 948 692 1051 
person 0.9534642 1181 954 1202 1002 
person 0.94581291 1159 954 1181 1014 
