person 0.99259987 1997 949 2021 1009 
person 0.91974655 1808 959 1839 1027 
person 0.7494426 1770 961 1808 1038 
person 0.99617615 2572 953 2601 1009 
person 0.98880669 3066 954 3136 1063 
person 0.98703743 446 946 463 1000 
person 0.85153954 157 950 169 975 
person 0.79132576 141 952 150 976 
person 0.57069599 169 947 178 975 
person 0.99740845 517 952 578 1082 
person 0.99719147 636 948 680 1061 
person 0.99208466 867 954 915 1082 
person 0.98051109 1175 954 1196 997 
person 0.86711296 1148 964 1166 1014 
