person 0.99239532 2006 952 2033 1009 
person 0.98997192 1810 959 1839 1024 
person 0.96731583 1848 964 1880 1039 
person 0.99831024 2988 952 3066 1061 
person 0.99236725 2561 953 2588 1017 
person 0.9777198 443 948 458 998 
person 0.89190193 143 949 155 976 
person 0.89180801 157 947 169 975 
person 0.82059708 169 947 180 975 
person 0.99925598 484 957 538 1085 
person 0.99848984 615 951 649 1061 
person 0.99480492 834 966 872 1083 
person 0.99175957 1151 954 1175 1002 
person 0.9586763 1108 959 1140 1010 
