person 0.99127129 2006 954 2033 1009 
person 0.9861084 1853 964 1890 1037 
person 0.98233337 1808 959 1834 1026 
person 0.99533218 2980 954 3052 1057 
person 0.99432304 2558 951 2586 1019 
person 0.98444496 443 948 458 998 
person 0.9 146 950 155 976 
person 0.84644165 159 947 169 975 
person 0.8031086 169 947 180 975 
person 0.99940414 483 954 534 1085 
person 0.99930191 610 949 645 1064 
person 0.99621353 825 961 867 1088 
person 0.99535233 1144 954 1170 1000 
person 0.97057838 1103 959 1135 1013 
