person 0.99222908 2009 954 2033 1009 
person 0.98669991 1805 959 1834 1026 
person 0.9702079 1858 966 1892 1034 
person 0.996129 2976 954 3046 1057 
person 0.99469879 2558 955 2586 1019 
person 0.98701828 443 948 458 998 
person 0.90197998 146 950 155 976 
person 0.83468109 159 947 169 975 
person 0.78791847 171 947 180 973 
person 0.99939575 482 952 534 1085 
person 0.99932137 608 949 645 1064 
person 0.99699226 825 961 865 1087 
person 0.99577042 1144 954 1170 1000 
person 0.96898613 1101 959 1135 1015 
