person 0.99298149 2009 954 2033 1009 
person 0.9851284 1805 959 1834 1026 
person 0.98039093 1861 966 1897 1037 
person 0.99523598 2558 953 2586 1019 
person 0.99087074 2973 954 3030 1058 
person 0.98757195 442 948 458 998 
person 0.90629944 146 950 157 976 
person 0.78336266 169 947 180 973 
person 0.78231987 159 947 169 973 
person 0.99926025 606 947 645 1064 
person 0.99895874 482 952 534 1085 
person 0.99758118 820 961 865 1087 
person 0.99576607 1144 952 1170 1003 
person 0.95974556 1099 957 1126 1015 
