person 0.99125801 2011 952 2035 1009 
person 0.9784613 1803 954 1829 1022 
person 0.9581913 1895 959 1936 1034 
person 0.99500366 2952 961 3004 1063 
person 0.99204338 2556 953 2586 1013 
person 0.98723969 442 948 455 997 
person 0.91211296 148 950 157 976 
person 0.89869652 171 950 182 973 
person 0.8545668 159 950 171 975 
person 0.9998349 580 947 644 1072 
person 0.99942932 479 957 530 1088 
person 0.99939125 795 959 862 1090 
person 0.99407188 1085 952 1110 1018 
person 0.97565727 1135 952 1159 1001 
