person 0.98760117 2014 952 2035 1007 
person 0.9831295 1803 954 1829 1019 
person 0.9468924 1904 961 1941 1037 
person 0.99390213 2556 953 2586 1013 
person 0.9885276 2947 961 3004 1061 
person 0.98408882 440 948 455 997 
person 0.90565376 171 950 182 973 
person 0.89746674 148 950 157 976 
person 0.87131737 159 950 169 975 
person 0.99974411 578 949 640 1072 
person 0.99938179 479 959 528 1087 
person 0.99929153 788 957 862 1092 
person 0.97765602 1080 954 1108 1018 
person 0.95122055 1131 954 1153 1003 
