person 0.99082047 2014 952 2037 1009 
person 0.98456223 1803 954 1829 1019 
person 0.91467163 1912 966 1946 1034 
person 0.99574295 2935 959 2997 1059 
person 0.99264839 2556 953 2586 1015 
person 0.98224571 440 950 455 997 
person 0.90716637 173 950 182 973 
person 0.89100136 157 950 169 975 
person 0.86381187 148 950 157 976 
person 0.56616711 462 954 478 1079 
person 0.99920982 479 961 527 1089 
person 0.99904648 573 957 640 1074 
person 0.9979232 788 957 855 1092 
person 0.99478271 1073 957 1105 1018 
person 0.97405746 1128 954 1151 1005 
