person 0.99136864 2014 952 2037 1009 
person 0.98413765 1803 954 1827 1019 
person 0.92168823 1921 976 1956 1044 
person 0.99225845 2550 951 2586 1017 
person 0.98799515 2925 974 2997 1054 
person 0.96514969 440 948 454 997 
person 0.92032516 173 950 184 973 
person 0.89881989 157 950 169 975 
person 0.79484749 148 950 157 976 
person 0.99918335 576 951 636 1072 
person 0.99845421 479 962 525 1090 
person 0.99830513 779 959 843 1091 
person 0.97932747 1124 957 1148 1005 
person 0.97674835 1066 954 1105 1021 
