person 0.99070099 2016 952 2040 1009 
person 0.98447655 1801 957 1827 1019 
person 0.97554192 1929 974 1963 1044 
person 0.98932693 2550 951 2586 1019 
person 0.97837479 2920 971 2992 1054 
person 0.94210617 439 948 454 997 
person 0.92900314 173 950 184 973 
person 0.89894188 157 950 166 975 
person 0.65421806 460 995 478 1075 
person 0.99891151 777 959 841 1091 
person 0.99836136 576 949 634 1073 
person 0.99729691 479 964 524 1092 
person 0.97840027 1124 957 1144 1003 
person 0.97801331 1063 959 1099 1014 
