person 0.99426331 1489 963 1522 1048 
person 0.99105728 1739 954 1773 1006 
person 0.98024162 1939 954 1965 1008 
person 0.99875 2580 946 2605 1018 
person 0.99873184 3555 946 3604 1080 
person 0.94052956 467 950 478 995 
person 0.7702314 46 949 58 974 
person 0.61234749 75 947 84 974 
person 0.54904945 65 949 75 974 
person 0.99730888 725 952 750 1041 
person 0.99647316 750 957 774 1042 
person 0.97996666 910 952 947 1101 
person 0.97221992 1262 955 1280 993 
person 0.84806473 1122 961 1135 1001 
