person 0.99562134 1489 963 1520 1048 
person 0.98204224 1736 954 1770 1006 
person 0.98202339 1939 954 1963 1008 
person 0.99884918 2580 946 2605 1018 
person 0.99853729 3553 946 3602 1080 
person 0.94886559 466 950 478 995 
person 0.80793434 46 949 58 974 
person 0.67383629 77 947 87 974 
person 0.55295658 63 949 72 974 
person 0.99737656 725 954 750 1041 
person 0.99629791 750 957 777 1043 
person 0.98487434 910 954 949 1101 
person 0.97630295 1262 955 1280 993 
person 0.85162392 1122 961 1135 1001 
