person 0.99605301 1489 961 1520 1048 
person 0.98421722 1939 954 1963 1008 
person 0.98318733 1734 954 1770 1006 
person 0.99880531 2580 946 2605 1018 
person 0.99871475 3553 946 3602 1080 
person 0.94833229 466 948 478 995 
person 0.80209175 46 949 58 974 
person 0.69664093 77 947 87 974 
person 0.5305624 63 949 72 974 
person 0.99681129 723 954 750 1041 
person 0.9951123 750 957 777 1043 
person 0.98490906 913 954 947 1101 
person 0.97916801 1262 955 1282 993 
person 0.83022438 1122 961 1135 1001 
