person 0.99437653 1488 961 1520 1048 
person 0.98378288 1939 954 1963 1008 
person 0.97914543 1732 954 1770 1006 
person 0.99891151 2580 946 2605 1018 
person 0.99866966 3553 946 3602 1077 
person 0.96007523 466 950 478 995 
person 0.76061981 46 952 58 974 
person 0.75142273 77 947 87 974 
person 0.56783474 63 949 72 974 
person 0.99727188 723 954 748 1041 
person 0.99549713 752 957 777 1043 
person 0.9853347 913 954 949 1101 
person 0.98146782 1262 955 1282 993 
person 0.82734177 1119 964 1135 1001 
