person 0.99529579 1488 961 1520 1050 
person 0.98554619 1732 957 1768 1006 
person 0.98381805 1939 954 1963 1008 
person 0.99893219 2580 946 2605 1018 
person 0.99860046 3553 946 3600 1077 
person 0.95719772 466 948 478 995 
person 0.73545662 77 947 87 974 
person 0.7099015 43 952 58 974 
person 0.56757145 63 949 72 974 
person 0.99730423 723 954 748 1041 
person 0.99493996 752 954 777 1045 
person 0.98217705 913 957 947 1101 
person 0.98195847 1262 955 1282 993 
person 0.82152191 1119 964 1135 1001 
