person 0.99538651 1486 961 1520 1048 
person 0.98416992 1732 957 1768 1006 
person 0.98393288 1939 954 1963 1005 
person 0.99896873 2580 946 2605 1018 
person 0.99815033 3553 946 3600 1077 
person 0.9620594 466 950 478 995 
person 0.75229652 46 949 58 974 
person 0.6800695 63 949 72 974 
person 0.65872757 77 947 87 974 
person 0.99775459 723 954 748 1041 
person 0.99580803 752 954 777 1045 
person 0.98517815 913 959 949 1098 
person 0.98181572 1264 955 1284 995 
person 0.79025177 1117 957 1140 1003 
