person 0.99451935 1485 961 1519 1048 
person 0.98305328 1939 954 1963 1008 
person 0.95971184 1730 957 1766 1004 
person 0.99894028 2580 946 2607 1018 
person 0.99800667 3553 946 3600 1077 
person 0.96043419 466 948 478 995 
person 0.85825226 46 949 58 974 
person 0.78072952 63 949 72 974 
person 0.72553947 77 947 89 973 
person 0.99752342 723 954 748 1039 
person 0.99637566 752 957 777 1043 
person 0.990383 913 957 952 1098 
person 0.98113159 1264 955 1284 995 
person 0.76420883 1117 957 1140 1003 
