person 0.99449959 1485 961 1519 1048 
person 0.98305145 1939 954 1963 1008 
person 0.96069229 1730 957 1766 1004 
person 0.99894157 2580 946 2607 1018 
person 0.99801048 3553 946 3600 1077 
person 0.96011261 466 948 478 995 
person 0.85763077 46 949 58 974 
person 0.78000488 63 949 72 974 
person 0.72477547 77 947 89 973 
person 0.99751938 723 954 748 1039 
person 0.9963723 752 957 777 1043 
person 0.99034698 913 957 952 1098 
person 0.9815152 1264 955 1284 995 
person 0.76659576 1117 957 1140 1003 
