person 0.99130211 1725 957 1757 1006 
person 0.99078362 1484 963 1517 1045 
person 0.98138374 1939 954 1963 1008 
person 0.99891243 2580 946 2607 1018 
person 0.99711143 3553 946 3600 1077 
person 0.95318947 466 950 478 995 
person 0.86425766 46 949 58 974 
person 0.83549149 80 947 89 973 
person 0.80792465 63 949 72 974 
person 0.99770264 723 952 748 1041 
person 0.99719421 755 957 779 1043 
person 0.99336555 910 957 954 1098 
person 0.96943573 1266 955 1286 995 
person 0.79589119 1119 966 1137 999 
