person 0.98948936 1482 959 1514 1045 
person 0.98900604 1723 957 1752 1006 
person 0.97595795 1939 954 1963 1008 
person 0.99892593 2580 946 2607 1018 
person 0.99656693 3553 946 3600 1077 
person 0.96077408 466 948 478 995 
person 0.89217758 80 947 89 973 
person 0.88117645 46 949 58 974 
person 0.85406166 63 949 72 974 
person 0.99854202 755 957 781 1043 
person 0.99741982 723 952 748 1039 
person 0.99259743 913 959 957 1098 
person 0.9773053 1267 955 1288 995 
person 0.74866798 1124 966 1142 999 
