person 0.99287132 1481 957 1511 1043 
person 0.98794403 1723 957 1754 1006 
person 0.97222786 1939 954 1963 1008 
person 0.99868866 2580 946 2605 1018 
person 0.99682373 3553 946 3600 1079 
person 0.96954628 466 950 478 995 
person 0.93116035 80 947 92 973 
person 0.91862457 46 949 58 974 
person 0.8947374 63 949 72 974 
person 0.99886902 755 957 781 1043 
person 0.9961187 723 950 748 1041 
person 0.98908524 913 961 957 1098 
person 0.92660194 1271 955 1289 990 
person 0.85310081 1119 961 1144 1003 
