person 0.99307053 1481 955 1511 1041 
person 0.98633484 1721 954 1752 1008 
person 0.97318336 1936 954 1960 1008 
person 0.99860382 2580 948 2605 1018 
person 0.99731377 3553 946 3598 1079 
person 0.97636581 466 948 478 995 
person 0.93326401 80 947 92 976 
person 0.9214447 48 949 58 974 
person 0.90420898 63 949 72 974 
person 0.99890549 757 954 781 1043 
person 0.99676064 725 950 748 1041 
person 0.9907766 913 959 959 1098 
person 0.98471695 1271 955 1291 992 
person 0.85510841 1119 959 1146 1001 
