person 0.99233093 1479 953 1510 1043 
person 0.97901955 1719 954 1752 1008 
person 0.97776764 1936 954 1960 1008 
person 0.998564 2580 948 2605 1018 
person 0.99654205 3555 946 3598 1077 
person 0.97639671 466 950 478 995 
person 0.92672432 80 947 92 976 
person 0.92039734 48 949 58 974 
person 0.9027829 63 949 72 974 
person 0.99902359 757 954 783 1043 
person 0.99530762 725 950 748 1041 
person 0.99044373 913 961 962 1098 
person 0.98168907 1271 955 1291 992 
person 0.85516586 1119 959 1146 1003 
