person 0.98330978 1936 954 1960 1008 
person 0.98094948 1478 953 1507 1042 
person 0.95938454 1712 952 1766 1009 
person 0.99852814 2580 948 2605 1018 
person 0.99579254 3555 944 3598 1077 
person 0.97515968 466 950 478 995 
person 0.91682594 48 949 60 974 
person 0.91394333 80 947 92 973 
person 0.87565018 63 949 72 974 
person 0.99849625 755 954 783 1043 
person 0.99571365 725 950 748 1041 
person 0.97995087 913 964 962 1098 
person 0.97552597 1273 955 1293 992 
person 0.88669792 1119 959 1146 1003 
