person 0.99080536 1470 950 1501 1040 
person 0.9851754 1934 954 1960 1008 
person 0.96038719 1712 957 1741 1008 
person 0.99851471 2580 946 2605 1018 
person 0.99844154 3555 946 3598 1077 
person 0.97681221 466 948 478 995 
person 0.9366256 48 949 60 974 
person 0.91666168 65 949 75 974 
person 0.90130547 82 947 92 973 
person 0.99638657 725 948 748 1044 
person 0.99279877 759 957 788 1036 
person 0.97393784 1279 953 1297 994 
person 0.94684517 915 966 962 1101 
person 0.90509674 1122 959 1151 1003 
