person 0.9928035 1469 950 1498 1041 
person 0.98317413 1934 954 1958 1008 
person 0.96741127 1714 957 1739 1006 
person 0.99849739 2580 946 2605 1018 
person 0.99833122 3553 946 3598 1077 
person 0.97666809 467 948 478 995 
person 0.92645432 51 949 60 974 
person 0.91349754 65 949 75 974 
person 0.88232872 82 949 94 973 
person 0.99554077 725 950 748 1041 
person 0.98867035 759 957 790 1038 
person 0.98020561 1279 953 1297 994 
person 0.94085556 913 966 962 1101 
person 0.82931381 1124 961 1153 1003 
