person 0.99462242 1467 948 1496 1041 
person 0.98019341 1934 954 1958 1008 
person 0.98015717 1712 957 1739 1006 
person 0.99824928 2580 946 2605 1018 
person 0.998172 3555 946 3598 1077 
person 0.97588936 467 948 478 995 
person 0.90484009 51 949 60 974 
person 0.89197021 65 949 77 974 
person 0.85364433 82 947 94 973 
person 0.99555168 725 950 748 1041 
person 0.99003899 755 954 797 1043 
person 0.96123856 915 966 964 1103 
person 0.87827805 1280 953 1298 994 
person 0.76521744 1131 968 1153 996 
