person 0.99385086 1467 948 1495 1041 
person 0.98289795 1934 954 1958 1008 
person 0.98076241 1712 959 1736 1008 
person 0.9982486 2580 946 2605 1018 
person 0.99804359 3553 946 3598 1075 
person 0.97594299 467 948 478 995 
person 0.89910873 51 952 60 974 
person 0.88747139 65 949 77 974 
person 0.86263046 82 947 94 973 
person 0.99608437 725 950 748 1044 
person 0.99261131 755 954 799 1043 
person 0.96675003 913 966 967 1103 
person 0.89922668 1284 955 1300 992 
person 0.79283447 1131 968 1153 996 
