person 0.98928223 1463 954 1492 1041 
person 0.9889492 1931 954 1958 1008 
person 0.98593353 1710 957 1734 1008 
person 0.99790695 2580 946 2605 1018 
person 0.99814758 3553 946 3598 1075 
person 0.97141068 467 950 478 995 
person 0.90822929 65 949 77 974 
person 0.90149925 51 949 63 974 
person 0.80015495 84 947 94 976 
person 0.99588585 755 957 802 1041 
person 0.99484703 723 950 748 1044 
person 0.97005882 918 969 967 1101 
person 0.92358238 1286 955 1304 994 
person 0.68165344 1137 966 1157 996 
