person 0.98860458 1931 954 1956 1008 
person 0.9861322 1708 954 1732 1008 
person 0.9622023 1461 957 1492 1039 
person 0.99788979 2580 946 2605 1018 
person 0.99833511 3553 944 3598 1077 
person 0.96813583 467 950 478 995 
person 0.89697662 65 949 77 974 
person 0.89441177 51 949 63 976 
person 0.82377365 84 947 96 976 
person 0.99531593 761 961 799 1039 
person 0.99379326 723 950 746 1043 
person 0.97942368 923 974 971 1098 
person 0.95936707 1288 955 1305 996 
person 0.83811279 1133 961 1162 1001 
