person 0.98993187 1931 954 1956 1008 
person 0.98437263 1708 954 1732 1008 
person 0.95879631 1461 957 1492 1041 
person 0.99784012 2580 946 2605 1018 
person 0.99846802 3553 944 3598 1077 
person 0.96398331 467 950 478 995 
person 0.89920288 65 949 77 974 
person 0.8927771 51 949 63 976 
person 0.80725586 84 947 96 976 
person 0.99644363 761 961 799 1039 
person 0.99246269 723 950 746 1043 
person 0.97298393 1288 955 1305 996 
person 0.95941902 923 974 974 1096 
person 0.8927314 1133 961 1162 1001 
