person 0.9956913 1452 959 1485 1040 
person 0.98728683 1929 954 1956 1008 
person 0.96917862 1708 952 1730 1008 
person 0.99777969 2580 946 2605 1018 
person 0.99932899 3549 944 3598 1075 
person 0.95520355 467 950 478 995 
person 0.90170898 68 949 77 974 
person 0.7694651 84 947 96 976 
person 0.70833687 53 949 65 974 
person 0.99793907 755 959 804 1041 
person 0.99136696 720 952 746 1041 
person 0.98539818 923 981 981 1089 
person 0.94895668 1291 957 1309 996 
person 0.93476173 1137 959 1170 1000 
