person 0.99520599 1452 959 1485 1040 
person 0.98786758 1929 954 1953 1008 
person 0.96315872 1708 952 1728 1005 
person 0.99769615 2580 946 2605 1018 
person 0.99932426 3549 944 3598 1077 
person 0.95461533 467 950 478 995 
person 0.91334061 68 949 77 974 
person 0.7625544 84 947 94 976 
person 0.70436157 53 949 65 976 
person 0.99796104 755 959 804 1041 
person 0.98929871 720 952 746 1041 
person 0.9877375 923 986 984 1089 
person 0.91010513 1137 959 1170 1000 
person 0.88892487 1291 957 1309 996 
