person 0.99501297 1448 955 1485 1040 
person 0.98364601 1929 954 1953 1008 
person 0.97398819 1704 952 1723 1005 
person 0.99739281 2580 946 2607 1018 
person 0.99947548 3549 944 3598 1077 
person 0.94383759 468 948 478 995 
person 0.90670647 65 949 77 974 
person 0.75902031 84 947 94 973 
person 0.70694473 56 949 65 974 
person 0.99780121 757 959 808 1041 
person 0.99205826 720 950 746 1041 
person 0.983909 923 983 981 1091 
person 0.89292267 1297 959 1312 994 
person 0.57582802 1155 964 1173 996 
