person 0.995121 1699 954 1723 1008 
person 0.99199318 1444 957 1479 1036 
person 0.98501945 1929 954 1953 1008 
person 0.99690979 2582 948 2609 1021 
person 0.99941414 3547 944 3600 1077 
person 0.93351768 468 950 478 995 
person 0.92255432 65 949 75 974 
person 0.82436165 92 947 101 973 
person 0.76361015 80 949 89 973 
person 0.99550079 779 959 813 1037 
person 0.98723358 720 950 746 1041 
person 0.98633072 930 961 993 1086 
person 0.98309326 1298 955 1316 996 
person 0.81207832 1159 959 1183 1000 
