person 0.99687744 1697 954 1723 1008 
person 0.98670021 1443 957 1473 1033 
person 0.98417061 1929 954 1951 1005 
person 0.99772057 2584 948 2609 1021 
person 0.99898071 3547 944 3600 1075 
person 0.92822067 63 949 72 976 
person 0.9260096 468 950 478 995 
person 0.85478279 77 949 87 974 
person 0.81669357 92 947 101 973 
person 0.98035133 1300 953 1317 994 
person 0.98028923 720 950 748 1041 
person 0.97587997 942 966 998 1084 
person 0.97342964 783 957 815 1039 
person 0.90371742 1164 961 1194 1000 
